dining_table 0.899512767791748 0 0 639 174
dining_table 0.7863800525665283 1 6 394 427
cup 0.5604389905929565 1 0 132 72
bird 0.9830660820007324 424 336 516 443
bird 0.9690200686454773 285 265 428 411
bird 0.9340988993644714 344 327 490 428
bird 0.9071856737136841 78 276 207 390
bird 0.9032552242279053 157 275 292 394
bird 0.8315926194190979 267 364 376 424
bird 0.7933017015457153 261 157 594 450
bird 0.7426739931106567 235 31 370 154
bird 0.6753896474838257 283 34 395 143
bird 0.5863857865333557 490 285 572 365
bird 0.5201099514961243 248 35 445 229
fork 0.8313755393028259 226 406 548 478
fork 0.6403890252113342 139 375 621 479
fork 0.5393113493919373 318 440 480 479
broccoli 0.9962360262870789 459 223 547 306
broccoli 0.9945722222328186 169 130 258 202
broccoli 0.9904025793075562 74 111 172 192
broccoli 0.9823580384254456 483 103 552 160
broccoli 0.9781193733215332 142 125 291 241
broccoli 0.9701595902442932 358 207 566 330
broccoli 0.9670617580413818 158 137 341 334
broccoli 0.9452900886535645 398 200 452 257
broccoli 0.9290655255317688 345 96 450 190
broccoli 0.9244805574417114 440 149 561 315
broccoli 0.9135551452636719 43 168 154 293
broccoli 0.9032354950904846 44 122 298 307
broccoli 0.8657909631729126 364 198 456 267
broccoli 0.8577337861061096 135 71 248 140
broccoli 0.6835077404975891 337 124 470 222
broccoli 0.6770469546318054 116 32 342 155
broccoli 0.6092599034309387 235 86 360 163
broccoli 0.584595263004303 411 45 523 106
broccoli 0.5768250226974487 171 224 327 347
broccoli 0.5629376173019409 408 47 572 166
broccoli 0.5111454129219055 313 197 502 357
broccoli 0.5103452205657959 266 147 381 233
cake 0.9645887613296509 58 0 638 451
