person 0.9865908622741699 174 12 268 98
person 0.9740627408027649 190 17 230 66
person 0.9679324626922607 185 12 317 124
person 0.9541959762573242 171 21 223 77
person 0.9260268807411194 13 32 43 65
person 0.92076575756073 248 12 315 129
person 0.9108425974845886 186 5 296 71
person 0.852512001991272 13 0 89 69
person 0.8476054668426514 84 8 147 61
person 0.7142583727836609 52 4 130 53
person 0.5521777272224426 205 0 297 40
dining_table 0.9969128370285034 0 230 500 329
dining_table 0.9920956492424011 0 1 499 326
dining_table 0.9455585479736328 397 201 498 256
dining_table 0.820597767829895 272 253 487 325
dining_table 0.7520745396614075 80 273 466 330
dining_table 0.540239155292511 2 226 199 309
cup 0.5761017799377441 430 124 493 173
donut 0.7593536376953125 213 157 409 300
cake 0.954533576965332 10 91 264 313
cake 0.9504846930503845 47 89 263 184
cake 0.9320841431617737 13 1 270 186
cake 0.8777474761009216 5 0 168 81
cake 0.8571283221244812 4 169 213 310
cake 0.7932090759277344 215 156 408 293
cake 0.6052823662757874 217 152 399 229
cake 0.5666673183441162 6 155 420 317
cake 0.559369683265686 208 166 356 252
cake 0.5182721018791199 19 177 101 227
cake 0.5138242244720459 286 199 407 298
chair 0.7652758359909058 408 115 499 186
chair 0.7475829124450684 445 123 499 180
