person 0.7195262312889099 257 268 314 520
person 0.7016980051994324 231 306 293 458
person 0.5732481479644775 160 342 255 494
person 0.522843599319458 306 255 328 291
car 0.980773389339447 81 369 99 386
car 0.9807422161102295 346 410 375 435
car 0.9681491851806641 135 351 155 375
car 0.9664701223373413 314 417 334 442
car 0.952296793460846 116 343 136 365
car 0.9393749237060547 338 412 365 439
car 0.9388242959976196 177 370 199 391
car 0.9364108443260193 90 332 150 386
car 0.9148347973823547 370 403 395 435
car 0.9068732857704163 408 395 427 420
car 0.902693510055542 167 358 194 388
car 0.8994601964950562 361 405 381 428
car 0.8597461581230164 197 370 218 395
car 0.8290756344795227 376 404 392 429
car 0.7191745042800903 202 372 234 408
car 0.6871698498725891 146 345 163 364
car 0.6706869602203369 10 299 147 392
car 0.6442733407020569 216 362 242 388
car 0.6120696663856506 102 310 188 369
car 0.5817651748657227 63 331 84 367
car 0.5588358044624329 68 275 476 408
car 0.5092145800590515 1 313 34 336
car 0.5069540143013 301 364 333 441
bus 0.5824033617973328 0 112 479 360
traffic_light 0.921945333480835 3 100 89 141
traffic_light 0.907048225402832 62 118 161 175
traffic_light 0.8771724700927734 27 112 154 149
traffic_light 0.8141914010047913 6 99 153 195
traffic_light 0.7610961198806763 77 297 112 324
traffic_light 0.7315347194671631 195 325 248 400
traffic_light 0.7213765978813171 119 305 136 316
traffic_light 0.687055230140686 242 146 479 359
traffic_light 0.6865991950035095 283 324 406 487
traffic_light 0.6754657626152039 50 299 76 318
traffic_light 0.6705988049507141 238 299 287 361
traffic_light 0.6577672362327576 214 339 244 384
traffic_light 0.6575270891189575 258 276 289 311
traffic_light 0.6318395137786865 117 143 220 227
traffic_light 0.6281186938285828 154 327 206 390
traffic_light 0.6006179451942444 23 295 46 317
traffic_light 0.5922245383262634 276 287 345 490
traffic_light 0.5697221755981445 1 92 189 369
traffic_light 0.5674323439598083 318 340 359 422
traffic_light 0.5651224255561829 197 317 280 488
traffic_light 0.5624296069145203 0 100 74 345
traffic_light 0.5513046383857727 324 336 383 373
traffic_light 0.549149751663208 335 274 478 349
stop_sign 0.9913432598114014 215 108 356 254
stop_sign 0.9721564650535583 302 139 352 236
stop_sign 0.9087002277374268 285 124 340 191
stop_sign 0.8981453776359558 332 173 373 241
stop_sign 0.8162751197814941 260 157 320 236
clock 0.9447683691978455 221 177 257 222
clock 0.7020617723464966 222 160 274 230
clock 0.5112992525100708 227 136 303 233
