zebra 0.9999914169311523 79 101 638 475
zebra 0.9969678521156311 137 96 363 454
zebra 0.992021381855011 326 264 639 476
zebra 0.9827708005905151 130 97 345 231
zebra 0.9790542125701904 295 376 450 475
zebra 0.9725755453109741 565 296 639 475
zebra 0.9503934383392334 346 161 441 218
zebra 0.9069149494171143 93 170 243 369
zebra 0.844398021697998 91 234 331 409
zebra 0.6668208837509155 7 155 154 226
zebra 0.6179888248443604 557 238 578 267
zebra 0.5225869417190552 541 203 567 232
zebra 0.5189390778541565 514 232 548 268
zebra 0.5109960436820984 532 246 544 269
zebra 0.5054305195808411 543 240 556 270
person 0.8711522221565247 84 196 97 211
person 0.8699964284896851 109 197 142 215
person 0.8531659841537476 148 191 168 211
person 0.8487992882728577 137 188 159 212
person 0.8400260806083679 25 141 41 161
person 0.8394021987915039 97 195 110 211
person 0.837299644947052 100 197 122 212
person 0.7759982943534851 85 197 111 211
person 0.772790789604187 66 197 89 210
person 0.7092186808586121 100 195 156 218
person 0.6964975595474243 29 137 51 158
person 0.6014067530632019 548 239 560 267
person 0.5844306349754333 53 195 85 210
person 0.5783095359802246 80 173 153 213
person 0.5419558882713318 71 200 148 223
person 0.5194637775421143 26 144 53 208
car 0.6356183886528015 415 213 466 230
car 0.5021101236343384 413 217 433 229
