person 0.9658046960830688 67 447 482 479
person 0.9343467354774475 153 458 390 479
person 0.9226517677307129 275 445 490 479
person 0.8805941939353943 392 443 491 479
person 0.8374924063682556 126 464 266 479
toilet 0.7005898356437683 553 1 639 345
microwave 0.7346638441085815 0 1 639 473
cup 0.7735077738761902 552 0 639 167
cup 0.6663784384727478 563 0 639 91
cup 0.6457588076591492 266 0 395 38
cup 0.599545955657959 359 0 494 32
cup 0.5793458223342896 233 0 350 37
oven 0.7104357481002808 0 7 639 461
oven 0.5379700660705566 0 240 80 459
cat 0.6995387673377991 195 123 398 284
cat 0.6619774699211121 223 266 343 331
cat 0.5523557662963867 255 143 370 225
sink 0.7134160995483398 313 0 639 141
sink 0.5211052298545837 0 0 105 443
bowl 0.5644641518592834 562 0 639 98
clock 0.9182550311088562 68 0 149 28
clock 0.7451502084732056 53 0 186 35
clock 0.7442032694816589 45 0 304 39
cake 0.9826054573059082 148 61 528 393
