train 0.8301905989646912 0 40 638 237
traffic_light 0.8362727165222168 537 0 608 39
traffic_light 0.6876194477081299 532 0 638 80
stop_sign 0.8168825507164001 300 360 636 477
stop_sign 0.5641915202140808 58 325 359 478
cup 0.6675243973731995 470 229 515 292
cup 0.6126294136047363 490 222 544 285
bird 0.6359067559242249 0 57 46 90
bird 0.5173871517181396 45 140 75 170
horse 0.7695680260658264 0 127 76 206
horse 0.6693780422210693 0 260 112 353
horse 0.5470516681671143 222 75 446 217
book 0.9824793338775635 0 0 399 476
book 0.9551407694816589 0 27 167 474
book 0.9548026919364929 -3 0 387 209
book 0.8849464058876038 0 0 632 328
book 0.8433500528335571 1 188 432 416
clock 0.9972966313362122 286 378 337 450
clock 0.7961621284484863 95 315 366 477
clock 0.7905671000480652 135 397 189 476
clock 0.7087759971618652 132 377 255 478
