person 0.9837108254432678 305 338 370 482
person 0.9757038354873657 75 388 147 495
person 0.951010525226593 301 232 381 484
person 0.940318763256073 230 339 266 478
person 0.9347865581512451 24 81 52 124
person 0.9241056442260742 5 74 47 173
person 0.9230435490608215 15 67 46 103
person 0.8898413181304932 227 416 261 474
person 0.8886116147041321 133 318 188 492
person 0.87870854139328 153 319 187 402
person 0.8744954466819763 0 326 47 469
person 0.8673897981643677 31 362 114 487
person 0.8625077605247498 188 181 380 484
person 0.847271740436554 4 176 47 243
person 0.8413041830062866 17 79 58 154
person 0.833362877368927 117 348 176 481
person 0.8114927411079407 0 254 8 474
person 0.7914626598358154 5 365 82 476
person 0.7289391160011292 53 376 80 441
person 0.7279954552650452 1 419 60 475
person 0.7058843374252319 1 190 72 479
person 0.6728647351264954 382 318 406 404
person 0.6728573441505432 202 220 253 263
person 0.6546621918678284 268 324 307 466
person 0.6367819905281067 223 298 285 480
person 0.620445191860199 3 201 51 306
person 0.5738208889961243 203 320 263 476
person 0.5677381157875061 13 317 69 397
person 0.5587016940116882 379 316 452 399
person 0.5447186827659607 384 322 399 373
person 0.5028423070907593 35 340 183 494
umbrella 0.9966341853141785 80 104 330 283
umbrella 0.9943344593048096 162 157 355 294
umbrella 0.9903166890144348 102 117 260 236
umbrella 0.9854075312614441 42 40 275 229
umbrella 0.8527235984802246 65 287 167 442
umbrella 0.8345422148704529 208 194 395 469
umbrella 0.799659788608551 26 24 170 114
umbrella 0.7947720885276794 46 41 148 140
umbrella 0.7766257524490356 155 152 361 416
umbrella 0.7725650072097778 114 111 216 203
umbrella 0.6593465805053711 29 54 325 420
umbrella 0.6281088590621948 116 222 256 361
umbrella 0.5223815441131592 75 227 244 425
giraffe 0.9916337728500366 60 245 247 495
giraffe 0.9798469543457031 34 38 380 486
giraffe 0.9583660960197449 103 148 306 494
giraffe 0.9252031445503235 165 280 266 479
giraffe 0.8718277215957642 44 42 199 489
giraffe 0.8700254559516907 167 228 374 481
giraffe 0.8402618765830994 12 288 158 488
handbag 0.7214512825012207 225 325 256 364
