tie 0.9910717606544495 153 273 182 320
tie 0.9870225787162781 162 249 189 313
tie 0.9847731590270996 170 273 191 312
tie 0.8431492447853088 140 205 199 314
tie 0.5452569723129272 480 232 536 290
car 0.5971189141273499 582 260 619 290
car 0.5318372249603271 583 237 637 290
sports_ball 0.519041895866394 362 327 413 385
bottle 0.9963261485099792 51 290 65 317
bottle 0.9699090719223022 44 271 65 315
bottle 0.9530354738235474 47 265 61 279
bottle 0.7336875200271606 36 261 56 277
book 0.7101636528968811 574 2 639 82
book 0.6664912104606628 558 337 604 373
book 0.5077299475669861 0 257 10 295
vase 0.9837747812271118 452 256 535 379
vase 0.7536765336990356 0 213 17 262
vase 0.6488503813743591 249 322 291 384
vase 0.5616987943649292 579 211 624 291
vase 0.5212827920913696 622 236 639 286
vase 0.5055878162384033 629 221 639 273
teddy_bear 0.999244213104248 115 166 272 385
teddy_bear 0.9967861175537109 390 160 576 384
teddy_bear 0.9900853633880615 432 149 522 258
teddy_bear 0.9507458806037903 536 280 595 378
teddy_bear 0.93045973777771 134 162 233 279
teddy_bear 0.9070532321929932 156 161 237 220
teddy_bear 0.8800278902053833 0 158 68 304
teddy_bear 0.7809653282165527 2 152 637 461
teddy_bear 0.7186554670333862 444 46 479 72
teddy_bear 0.7104393243789673 492 48 522 75
teddy_bear 0.7039520144462585 49 301 128 363
teddy_bear 0.6776154041290283 135 38 172 67
teddy_bear 0.6657164096832275 0 206 99 347
teddy_bear 0.6495618224143982 447 259 604 380
teddy_bear 0.6346511840820312 96 39 119 59
teddy_bear 0.618351399898529 547 15 602 69
teddy_bear 0.6158993244171143 141 39 163 56
teddy_bear 0.615291178226471 182 39 206 60
teddy_bear 0.5660032629966736 430 4 489 55
teddy_bear 0.561105489730835 433 9 461 46
teddy_bear 0.5582510232925415 0 163 47 237
teddy_bear 0.5464285016059875 581 176 621 281
chair 0.5371387600898743 53 290 290 387
