person 0.9994388222694397 172 195 187 217
person 0.9992935657501221 70 198 94 261
person 0.9990990161895752 101 195 126 256
person 0.9986456036567688 55 201 75 261
person 0.9984835982322693 145 193 159 219
person 0.9984623193740845 8 187 36 262
person 0.9982700347900391 31 204 58 262
person 0.997960090637207 81 197 104 258
person 0.9978949427604675 117 194 136 246
person 0.9975863695144653 152 194 165 217
person 0.9972475171089172 416 162 452 193
person 0.9957215785980225 164 196 178 217
person 0.9945008754730225 74 196 91 224
person 0.9941031336784363 196 192 215 216
person 0.9937238097190857 257 176 276 213
person 0.9934831261634827 94 195 114 248
person 0.9928612112998962 140 188 156 220
person 0.9927791953086853 294 182 313 220
person 0.9924829602241516 269 191 288 217
person 0.9923364520072937 5 176 25 222
person 0.9922685027122498 111 193 129 221
person 0.9921846985816956 390 165 417 187
person 0.9918461441993713 548 169 581 194
person 0.9915552735328674 392 168 430 195
person 0.9903038144111633 82 197 100 223
person 0.9900516867637634 44 196 63 221
person 0.9883284568786621 214 178 238 218
person 0.9879230856895447 53 192 73 212
person 0.9874870777130127 196 175 220 203
person 0.9871678948402405 433 164 456 188
person 0.9869171380996704 200 169 221 181
person 0.9823924899101257 308 182 331 226
person 0.9795936346054077 370 167 399 193
person 0.9780237078666687 330 176 357 218
person 0.9767866730690002 233 103 248 129
person 0.9728872179985046 527 169 566 202
person 0.9720848202705383 282 171 305 216
person 0.9680400490760803 290 167 309 187
person 0.9612480401992798 25 203 45 234
person 0.9602558612823486 527 160 585 205
person 0.9534552693367004 497 233 540 285
person 0.9516705870628357 189 114 203 138
person 0.9503973126411438 579 171 612 195
person 0.9462108612060547 465 228 532 287
person 0.9366785883903503 536 136 576 191
person 0.9262019395828247 343 169 385 208
person 0.9170887470245361 600 171 637 196
person 0.9153980612754822 370 148 458 198
person 0.9094431400299072 350 172 416 206
person 0.8765152096748352 549 171 601 208
person 0.8679590225219727 151 127 171 147
person 0.8542035818099976 157 127 183 148
person 0.8536067008972168 14 204 46 262
person 0.8267517685890198 422 161 525 236
person 0.7229713797569275 507 214 588 289
person 0.6942440271377563 210 222 267 277
person 0.6763390898704529 6 211 29 263
bicycle 0.6469776034355164 79 230 111 261
bicycle 0.5070022940635681 111 216 137 258
bench 0.9818143248558044 546 229 640 291
bench 0.511137843132019 27 225 61 261
cow 0.9852350950241089 330 155 554 346
cow 0.7105664610862732 318 165 474 312
umbrella 0.9985881447792053 352 131 481 168
umbrella 0.5271192193031311 159 126 347 186
umbrella 0.5039618611335754 341 141 466 210
