potted_plant 0.6689945459365845 123 3 294 230
person 0.5537464022636414 38 180 58 228
car 0.9844010472297668 131 190 159 207
car 0.9606477618217468 98 197 117 213
car 0.94901043176651 79 204 100 215
car 0.9270392656326294 107 195 136 209
car 0.9169406890869141 129 186 189 208
car 0.9079592227935791 106 198 119 209
car 0.907218337059021 0 246 639 385
car 0.8405881524085999 0 0 640 383
car 0.7151733040809631 0 191 19 222
car 0.7124627828598022 472 149 494 185
car 0.6706735491752625 88 175 158 211
car 0.6229046583175659 24 193 51 222
car 0.6101513504981995 208 195 255 223
car 0.6077588796615601 76 202 88 215
car 0.5850126147270203 136 178 156 205
car 0.5742225050926208 49 193 67 215
car 0.5142102241516113 14 198 27 216
car 0.5110873579978943 588 199 639 253
traffic_light 0.989069938659668 251 102 277 170
traffic_light 0.9774070978164673 121 90 152 116
traffic_light 0.8612687587738037 101 82 186 160
traffic_light 0.8515099883079529 358 57 408 100
traffic_light 0.8124526739120483 80 14 289 138
traffic_light 0.7899851202964783 141 179 151 190
traffic_light 0.7846893668174744 191 140 209 160
traffic_light 0.7105787396430969 132 178 145 193
traffic_light 0.6647793650627136 0 168 11 187
traffic_light 0.6196469068527222 25 11 277 218
traffic_light 0.5742531418800354 620 151 634 168
traffic_light 0.5661135911941528 253 47 293 153
traffic_light 0.5626950860023499 62 160 83 188
traffic_light 0.5584654808044434 266 151 282 191
traffic_light 0.5321431756019592 207 158 221 176
traffic_light 0.5200325846672058 188 214 200 239
fire_hydrant 0.8950901627540588 583 157 639 255
fire_hydrant 0.5626575946807861 188 212 201 239
parking_meter 0.974117636680603 459 56 512 186
parking_meter 0.9222930073738098 344 53 415 161
parking_meter 0.8005453944206238 341 48 400 242
parking_meter 0.7593565583229065 34 177 49 203
parking_meter 0.6855887770652771 254 47 304 227
parking_meter 0.6560288071632385 320 50 460 193
parking_meter 0.5681065320968628 612 152 627 179
parking_meter 0.5390990376472473 615 150 633 182
parking_meter 0.5374327898025513 9 189 21 212
cup 0.6733011603355408 347 103 403 239
clock 0.9934460520744324 464 62 503 95
clock 0.97120201587677 596 64 639 95
clock 0.9072080254554749 462 57 516 109
clock 0.8452189564704895 585 60 640 117
