potted_plant 0.5120958685874939 0 316 36 431
person 0.9819386005401611 208 144 280 257
person 0.9809608459472656 273 137 348 262
person 0.9196491241455078 54 143 107 201
person 0.9024776220321655 0 137 100 433
person 0.8958595991134644 343 143 395 212
person 0.8906319737434387 35 143 178 338
person 0.8476196527481079 0 135 32 250
person 0.8156923651695251 331 146 398 268
person 0.7839087247848511 0 266 118 350
person 0.7809935808181763 125 142 176 197
person 0.7802646160125732 143 149 311 347
person 0.7470042109489441 495 161 640 329
person 0.6940688490867615 524 173 610 255
person 0.565529465675354 0 233 89 322
dining_table 0.9836998581886292 194 275 620 433
dining_table 0.8161863088607788 201 272 373 359
dining_table 0.715440571308136 396 332 638 477
bottle 0.9075440764427185 317 271 341 341
bottle 0.886260986328125 357 290 377 347
bottle 0.8706731200218201 344 248 366 320
bottle 0.846733570098877 346 291 366 347
bottle 0.787521243095398 333 284 352 339
bottle 0.7050811648368835 365 264 388 319
bottle 0.7044550776481628 303 246 325 305
bottle 0.6570996642112732 339 247 358 285
bottle 0.6098814010620117 320 247 335 280
cell_phone 0.8330049514770508 404 386 442 403
cell_phone 0.6155407428741455 409 376 443 391
wine_glass 0.6949597001075745 378 283 403 341
wine_glass 0.6007024049758911 360 304 386 364
wine_glass 0.5450013875961304 448 329 478 382
cup 0.5895739197731018 373 317 399 364
vase 0.7777514457702637 203 249 226 280
vase 0.7117854356765747 433 284 464 365
vase 0.6974824070930481 445 273 486 366
vase 0.6951615810394287 425 255 459 364
vase 0.6721790432929993 262 240 283 284
vase 0.6383959054946899 429 241 464 323
vase 0.6207528114318848 430 230 452 264
vase 0.6096815466880798 228 253 250 288
vase 0.6034504175186157 192 198 241 287
vase 0.5884705781936646 426 301 452 362
vase 0.5414401888847351 277 259 299 305
chair 0.8682520985603333 139 268 231 337
couch 0.926409125328064 0 292 293 477
couch 0.5845466256141663 478 236 639 359
couch 0.5497581362724304 57 247 640 476
