potted_plant 0.8631992340087891 113 59 246 218
potted_plant 0.6523416042327881 335 153 388 225
dining_table 0.8132187724113464 0 91 639 420
dining_table 0.7894299626350403 0 259 640 419
dining_table 0.6525465846061707 110 242 421 324
bottle 0.593817412853241 524 228 567 287
cup 0.5624387860298157 0 233 34 278
vase 0.8823261260986328 431 186 463 236
vase 0.8387417197227478 397 173 428 222
vase 0.7722662687301636 427 171 456 227
vase 0.6534112691879272 472 200 509 253
vase 0.5977599620819092 401 163 457 231
cake 0.9807853698730469 144 92 370 303
cake 0.8439462780952454 156 190 360 267
cake 0.7363523840904236 199 152 315 203
cake 0.7076025605201721 147 68 381 212
cake 0.6669819951057434 199 92 338 184
cake 0.5744454860687256 263 213 341 281
cake 0.5716004967689514 430 237 473 260
cake 0.5597101449966431 445 256 498 284
cake 0.5426233410835266 0 270 64 332
cake 0.5353787541389465 340 257 623 374
chair 0.560142457485199 471 57 638 206
