potted_plant 0.7458676695823669 1 1 82 104
potted_plant 0.7012601494789124 46 0 113 77
person 0.941475510597229 161 76 181 89
person 0.7522048354148865 434 79 467 96
person 0.6915250420570374 138 56 159 82
person 0.6720658540725708 80 72 96 96
person 0.6677445769309998 42 59 59 88
person 0.6630765795707703 88 73 104 95
person 0.6578950881958008 70 73 85 96
person 0.6559617519378662 547 32 634 76
person 0.5352586507797241 248 77 328 256
person 0.5102116465568542 27 68 51 99
bicycle 0.9762529730796814 194 18 503 385
bicycle 0.9585532546043396 196 19 310 290
bicycle 0.7168437838554382 205 135 267 285
bicycle 0.6996117234230042 225 37 402 277
bicycle 0.5468845367431641 199 48 316 184
car 0.9984654188156128 154 78 244 115
car 0.9947059750556946 148 83 196 112
car 0.9929601550102234 360 87 424 114
car 0.9888500571250916 80 82 131 106
car 0.9863237738609314 382 82 494 121
car 0.9794725179672241 497 24 639 141
car 0.954619824886322 485 86 547 119
car 0.9525418281555176 96 83 121 96
car 0.9505730867385864 112 79 133 94
car 0.9487795829772949 479 79 524 117
car 0.9417886734008789 509 91 580 136
car 0.888362467288971 352 23 639 151
car 0.8629583120346069 123 76 137 92
car 0.862241804599762 476 95 505 115
car 0.860930323600769 200 82 249 108
car 0.8332485556602478 269 34 414 115
car 0.8231984376907349 267 61 320 105
car 0.7492820620536804 492 76 529 107
car 0.7217563986778259 72 76 89 96
car 0.7115359902381897 242 72 272 101
car 0.7055820226669312 170 70 233 95
car 0.6962737441062927 157 73 214 90
car 0.6840116381645203 111 71 131 91
car 0.6383028030395508 359 83 401 105
car 0.5815011262893677 257 71 283 100
car 0.5748384594917297 421 80 477 111
car 0.5394101738929749 451 70 490 106
bus 0.5054185390472412 395 42 498 115
truck 0.9208729267120361 503 27 639 143
truck 0.6354899406433105 155 71 229 113
traffic_light 0.9164640307426453 186 40 204 56
traffic_light 0.6266239881515503 426 38 482 56
