potted_plant 0.5491654872894287 225 85 318 236
person 0.9755185842514038 149 229 172 295
person 0.9522556662559509 263 232 276 247
person 0.865584671497345 570 245 591 281
person 0.8516483902931213 330 210 346 229
person 0.8121408224105835 325 211 341 229
person 0.7866325378417969 337 210 352 229
person 0.7808679342269897 602 275 616 306
person 0.7546099424362183 102 229 118 255
person 0.7258818745613098 545 238 576 284
person 0.7004219889640808 598 270 611 307
person 0.6132906675338745 272 221 298 245
person 0.601919412612915 159 229 180 261
person 0.5753092169761658 155 235 172 279
person 0.541597843170166 478 271 501 284
person 0.5375719666481018 149 242 167 285
car 0.938317060470581 107 245 135 269
car 0.8561116456985474 36 225 82 258
car 0.8267388939857483 270 181 309 205
car 0.7871438264846802 100 242 124 266
car 0.748482882976532 492 253 540 271
car 0.7263041138648987 553 240 582 262
car 0.7233934998512268 35 242 79 271
car 0.7054406404495239 29 213 110 270
car 0.705140233039856 394 255 419 278
car 0.7022571563720703 266 231 376 295
car 0.6595672965049744 360 239 384 266
car 0.6401937007904053 68 244 104 264
car 0.6243681311607361 127 234 157 270
car 0.6037654876708984 304 218 330 234
car 0.6030441522598267 601 264 625 280
car 0.5929102301597595 338 240 377 273
car 0.59196537733078 612 240 639 265
car 0.5853236317634583 487 243 543 268
car 0.5774929523468018 21 223 69 265
car 0.5663576722145081 316 218 339 232
car 0.5604103803634644 418 270 460 284
car 0.5403997898101807 278 242 330 281
car 0.5049871802330017 504 183 549 212
truck 0.9608295559883118 417 215 467 266
truck 0.9596092104911804 382 186 447 238
truck 0.9581941962242126 127 156 296 302
truck 0.9522128105163574 264 233 367 293
truck 0.9181445837020874 144 196 259 266
truck 0.9111191034317017 150 198 375 302
truck 0.8669443130493164 432 192 463 226
truck 0.7875571250915527 478 240 550 286
truck 0.7162397503852844 19 212 115 323
truck 0.7025033831596375 167 211 246 259
truck 0.6068261861801147 420 239 463 263
truck 0.6018224954605103 376 192 404 231
truck 0.585085391998291 494 221 599 278
truck 0.5545092225074768 38 217 92 255
truck 0.5165278315544128 464 232 500 257
traffic_light 0.6071291565895081 192 0 230 6
fire_hydrant 0.5799909234046936 153 266 167 293
bird 0.5833141207695007 212 48 319 213
umbrella 0.665166974067688 128 114 163 209
umbrella 0.659296452999115 123 114 148 207
