person 0.9951226115226746 10 2 258 495
person 0.9101862907409668 47 250 237 496
person 0.8685101866722107 68 468 111 499
person 0.8458889722824097 9 452 93 499
person 0.8404301404953003 65 465 146 499
person 0.7511664628982544 52 377 191 481
person 0.746973991394043 45 378 116 474
person 0.7161931395530701 55 280 207 412
person 0.6556200981140137 158 400 240 493
person 0.620535671710968 138 154 260 488
person 0.6114320755004883 178 141 260 383
person 0.6095259189605713 0 308 29 440
person 0.5830703973770142 100 439 226 498
person 0.5742025375366211 164 300 236 485
person 0.5244343876838684 53 155 223 376
person 0.5058484673500061 17 373 75 466
sports_ball 0.9620897769927979 191 112 220 141
sports_ball 0.8147619366645813 102 37 165 111
sports_ball 0.6715041995048523 76 103 143 158
sports_ball 0.5833913683891296 111 0 197 91
sports_ball 0.5699014067649841 135 106 214 145
baseball_bat 0.794626772403717 1 142 59 410
baseball_bat 0.7135887742042542 74 39 246 174
baseball_bat 0.6422064304351807 5 11 218 417
baseball_bat 0.5996990203857422 74 5 260 287
baseball_bat 0.5752227306365967 45 123 142 216
baseball_bat 0.5302795171737671 5 239 49 406
baseball_glove 0.7188927531242371 99 221 164 292
baseball_glove 0.6496532559394836 138 117 242 229
baseball_glove 0.6032288074493408 0 113 57 323
baseball_glove 0.6007922887802124 63 214 180 347
baseball_glove 0.5941471457481384 203 152 261 246
skateboard 0.5517169237136841 8 340 247 488
