person 0.9309797286987305 319 55 598 421
person 0.6547722816467285 190 86 244 172
person 0.6219833493232727 247 60 493 420
person 0.6009163856506348 179 85 251 311
person 0.5714392066001892 35 2 596 421
bed 0.7635657787322998 0 214 639 420
vase 0.7385789155960083 252 199 358 368
vase 0.6827208995819092 576 121 636 339
vase 0.648827850818634 531 146 587 294
vase 0.6471567153930664 542 149 621 338
vase 0.6365187764167786 614 99 639 327
vase 0.551286518573761 483 98 618 311
vase 0.5452151894569397 499 75 578 280
vase 0.5407528281211853 -1 91 46 216
vase 0.5081595778465271 252 313 352 410
teddy_bear 0.759604275226593 325 126 638 422
teddy_bear 0.6104246973991394 1 1 331 422
umbrella 0.6927688121795654 285 303 325 362
umbrella 0.5619891285896301 483 17 552 218
umbrella 0.5133167505264282 361 188 543 395
umbrella 0.500170886516571 301 79 424 329
couch 0.565690815448761 0 197 337 421
