person 0.838173508644104 108 218 134 249
person 0.7647154331207275 49 192 77 223
person 0.7552986145019531 342 198 362 228
person 0.7520818114280701 88 221 116 255
person 0.6359615325927734 276 166 330 273
person 0.6124076843261719 47 215 77 251
person 0.6014248728752136 182 215 206 246
person 0.5673466920852661 151 221 176 250
person 0.5532119870185852 492 236 524 268
person 0.5285366177558899 508 259 542 291
sheep 0.9496365785598755 0 299 47 366
sheep 0.9341410398483276 231 275 267 314
sheep 0.9165650606155396 426 263 463 297
sheep 0.9081860780715942 352 255 418 295
sheep 0.9078208804130554 116 277 146 313
sheep 0.9039390087127686 446 265 485 301
sheep 0.8894801139831543 402 261 442 296
sheep 0.8841941356658936 296 280 343 328
sheep 0.8728426694869995 131 279 172 323
sheep 0.8704315423965454 203 260 235 298
sheep 0.8670936226844788 178 275 210 314
sheep 0.861099898815155 207 292 252 336
sheep 0.8587794899940491 412 277 444 311
sheep 0.8458806872367859 269 268 320 304
sheep 0.8239893317222595 85 304 129 375
sheep 0.8126608729362488 244 253 282 296
sheep 0.8076009154319763 162 289 210 355
sheep 0.7735110521316528 165 327 222 398
sheep 0.7682719826698303 529 268 582 302
sheep 0.7333482503890991 84 274 114 312
sheep 0.7150167226791382 267 281 316 353
sheep 0.7094250917434692 254 267 292 303
sheep 0.688148558139801 431 299 490 398
sheep 0.6668742895126343 277 320 352 400
sheep 0.6646459102630615 495 263 549 301
sheep 0.6474544405937195 165 258 196 288
sheep 0.6418036818504333 24 288 85 370
sheep 0.6408312916755676 479 284 553 345
sheep 0.6363377571105957 324 284 398 354
sheep 0.6065561771392822 202 315 251 376
sheep 0.6065002083778381 46 272 83 306
sheep 0.601717472076416 214 313 272 379
sheep 0.6012898683547974 558 290 605 343
sheep 0.5820108652114868 388 291 437 361
sheep 0.5742337107658386 99 359 141 408
sheep 0.5736891031265259 289 215 348 271
sheep 0.5539124608039856 518 281 572 327
sheep 0.547919750213623 474 286 517 313
sheep 0.5252866744995117 594 284 640 373
sheep 0.5194417238235474 498 303 571 399
cow 0.7460070848464966 452 284 562 402
cow 0.5931854248046875 429 289 519 400
cow 0.5488576292991638 317 272 438 386
boat 0.6971250772476196 443 144 528 226
boat 0.5025064945220947 466 149 520 175
