person 0.9684393405914307 234 183 246 193
person 0.9670389890670776 229 183 242 194
person 0.9652053117752075 223 182 236 192
person 0.8880458474159241 222 184 240 198
person 0.886820375919342 218 183 233 194
person 0.8515099883079529 257 249 267 265
person 0.8499812483787537 361 258 381 277
person 0.8353745341300964 245 236 258 256
person 0.7604824900627136 169 167 634 451
person 0.7204128503799438 219 244 240 261
person 0.6868873238563538 135 228 149 245
person 0.6818925738334656 280 235 292 256
person 0.6579189300537109 346 221 355 236
person 0.656932532787323 140 233 154 247
person 0.621975302696228 277 219 283 229
person 0.6209060549736023 273 218 280 229
person 0.5556796789169312 166 218 198 244
person 0.5310001969337463 356 216 371 233
person 0.5251747369766235 73 244 94 273
person 0.512617826461792 241 228 258 239
car 0.774539053440094 402 0 471 22
skateboard 0.8951072692871094 198 223 262 244
skateboard 0.6556439995765686 204 228 248 241
skateboard 0.5395696759223938 185 177 264 240
traffic_light 0.9955226182937622 594 177 612 193
traffic_light 0.9930204749107361 351 199 359 213
traffic_light 0.9915142059326172 490 209 498 220
traffic_light 0.9903947710990906 607 179 615 192
traffic_light 0.9885379076004028 493 211 500 220
traffic_light 0.9873228669166565 602 178 613 191
traffic_light 0.9749763607978821 596 180 607 192
traffic_light 0.974254310131073 602 164 613 176
traffic_light 0.9721420407295227 365 195 373 207
traffic_light 0.9705899357795715 29 197 39 216
traffic_light 0.9511768221855164 594 178 604 190
traffic_light 0.9482893943786621 41 84 62 117
traffic_light 0.928243100643158 0 127 14 155
traffic_light 0.9100661873817444 484 205 491 218
traffic_light 0.9089072942733765 483 204 498 228
traffic_light 0.9060884714126587 87 147 104 165
traffic_light 0.8905027508735657 361 215 368 229
traffic_light 0.8899376392364502 79 142 98 165
traffic_light 0.858424186706543 353 210 362 228
traffic_light 0.8269208073616028 383 217 396 235
traffic_light 0.8183275461196899 322 207 332 225
traffic_light 0.7653565406799316 295 217 301 227
traffic_light 0.7429074048995972 140 217 147 226
traffic_light 0.7192099094390869 291 217 297 227
traffic_light 0.6460731625556946 446 238 452 247
traffic_light 0.6360194683074951 117 169 144 201
traffic_light 0.6072128415107727 588 193 619 262
traffic_light 0.5557155013084412 448 239 454 247
traffic_light 0.5314998626708984 540 239 577 269
traffic_light 0.5171726942062378 17 208 34 232
fire_hydrant 0.7363578677177429 28 279 44 302
