bird 0.5990056991577148 95 195 199 284
bird 0.5764995217323303 435 250 540 380
bird 0.5729776620864868 446 252 526 326
bird 0.5706914663314819 356 245 530 397
bird 0.5544663667678833 170 106 301 173
sink 0.9090489149093628 334 308 538 409
sink 0.8273857235908508 60 27 608 430
sink 0.7328062057495117 234 236 586 433
spoon 0.8663394451141357 177 282 309 317
spoon 0.6486923098564148 180 107 274 150
bowl 0.8415255546569824 137 321 288 399
vase 0.9955980181694031 159 105 364 320
vase 0.9868594408035278 347 96 468 292
vase 0.9162932634353638 184 115 324 241
vase 0.8617143034934998 281 102 375 241
vase 0.8609917163848877 333 142 543 392
vase 0.830265462398529 160 99 558 426
vase 0.7608146667480469 177 200 339 324
vase 0.7260808944702148 407 160 473 254
vase 0.6218169331550598 142 223 333 400
vase 0.6168970465660095 317 262 413 410
vase 0.6031951904296875 321 269 397 344
vase 0.5775994658470154 352 146 464 238
vase 0.5405247807502747 97 209 179 281
scissors 0.6498066186904907 349 197 450 251
toothbrush 0.9737598299980164 390 86 419 163
toothbrush 0.9638991355895996 403 88 440 182
toothbrush 0.9382964968681335 400 92 457 227
toothbrush 0.5014144778251648 361 88 455 284
