person 0.999997615814209 116 201 220 496
person 0.8802414536476135 114 202 335 494
person 0.8734291195869446 128 219 215 319
person 0.8675795197486877 361 177 380 204
person 0.8162720799446106 0 340 11 394
person 0.8139287233352661 0 254 11 457
person 0.7708686590194702 175 227 256 410
person 0.7395580410957336 334 175 352 197
person 0.7177192568778992 210 266 239 333
person 0.6531509757041931 0 350 13 421
person 0.6497594118118286 237 320 259 348
person 0.6397263407707214 383 305 399 376
person 0.6361551880836487 214 217 288 338
person 0.5846750736236572 331 174 346 189
person 0.5470268726348877 185 208 305 361
person 0.5322587490081787 212 343 241 357
person 0.5154613852500916 200 223 251 301
person 0.5032649040222168 221 302 275 350
frisbee 0.9875243902206421 127 61 166 108
frisbee 0.900447428226471 172 389 216 437
frisbee 0.5742887854576111 119 302 140 372
frisbee 0.5145922303199768 242 222 348 318
car 0.9391191005706787 55 283 72 297
car 0.849769651889801 47 284 97 302
car 0.8310729265213013 66 284 86 299
car 0.7982334494590759 19 284 44 301
car 0.7964327335357666 84 286 109 301
car 0.7465127110481262 41 288 74 305
car 0.7361403107643127 0 288 73 319
car 0.7131198048591614 69 289 104 304
car 0.698319673538208 5 310 30 325
car 0.6723113059997559 0 287 40 312
car 0.5880123972892761 0 297 43 323
car 0.5692329406738281 92 285 116 302
stop_sign 0.9751308560371399 376 259 388 288
stop_sign 0.6131404042243958 374 251 394 323
stop_sign 0.6046223044395447 79 250 97 284
bench 0.5698561668395996 0 308 50 335
dog 0.9988960027694702 166 388 277 575
dog 0.8911303281784058 124 312 291 580
dog 0.8449170589447021 210 409 273 542
dog 0.8266966342926025 179 427 227 520
dog 0.8018583059310913 162 390 228 495
dog 0.7556129097938538 153 348 242 429
dog 0.678059995174408 0 396 9 461
dog 0.5866973996162415 121 344 216 447
dog 0.5515370965003967 98 212 315 534
dog 0.5047053694725037 0 352 10 452
