bed 0.9988827109336853 0 204 640 422
bed 0.6913633942604065 68 1 634 282
bed 0.5798880457878113 7 213 362 341
person 0.7671715617179871 387 165 638 238
person 0.5840247869491577 102 0 275 209
cell_phone 0.7688969373703003 127 213 190 249
cell_phone 0.6133443713188171 126 205 202 231
cell_phone 0.5467286705970764 118 212 245 251
cup 0.6434051394462585 298 154 401 234
cup 0.5417659282684326 348 150 428 216
bowl 0.5229841470718384 329 0 638 91
umbrella 0.983608067035675 0 0 246 139
umbrella 0.9810571670532227 1 0 388 228
umbrella 0.9202480912208557 245 3 313 141
umbrella 0.8294033408164978 76 0 640 203
umbrella 0.8035322427749634 1 2 149 234
umbrella 0.6211969256401062 292 0 626 143
cake 0.6473458409309387 467 168 639 229
cake 0.6116785407066345 594 188 640 219
chair 0.8642106056213379 457 101 626 171
chair 0.5048487782478333 397 126 626 194
handbag 0.5789138078689575 132 165 366 242
