dining_table 0.9867660999298096 0 134 640 475
dining_table 0.8914054036140442 349 137 639 411
dining_table 0.7033903002738953 1 142 223 472
dining_table 0.6891300678253174 0 292 99 477
dining_table 0.5847328305244446 34 295 201 475
dining_table 0.5639493465423584 20 446 331 479
bottle 0.9956727027893066 378 0 485 238
bottle 0.9541258811950684 398 0 486 108
bottle 0.77191561460495 251 0 355 226
bottle 0.7560171484947205 76 1 185 236
bottle 0.5410701036453247 268 -1 460 247
bottle 0.501329779624939 414 2 480 176
oven 0.7425820827484131 75 147 629 466
cup 0.9919021725654602 0 11 105 271
cup 0.9706953167915344 94 114 186 241
cup 0.9511440396308899 250 -1 354 217
cup 0.9369004964828491 370 98 469 240
cup 0.8767970204353333 89 7 182 140
cup 0.7276515960693359 80 0 181 26
cup 0.718194305896759 0 22 47 285
cup 0.6867735385894775 80 4 187 242
cup 0.6795977354049683 240 0 366 16
cup 0.5907313823699951 211 0 434 215
cup 0.5860680341720581 101 175 188 242
cup 0.5156562924385071 231 3 380 97
knife 0.8482385873794556 266 380 641 478
knife 0.5580294728279114 445 0 473 20
knife 0.5306498408317566 409 0 436 9
spoon 0.549667477607727 378 205 457 242
cake 0.8833136558532715 71 258 558 462
