laptop 0.5401518940925598 101 263 366 498
bottle 0.9645682573318481 248 92 266 153
bottle 0.8567431569099426 301 0 331 118
bottle 0.7836717963218689 230 78 246 150
bottle 0.7441880106925964 284 0 338 153
bottle 0.6221869587898254 249 124 261 155
bottle 0.5907753705978394 269 71 301 149
keyboard 0.9689880609512329 188 299 366 442
keyboard 0.5873966217041016 218 190 250 245
keyboard 0.5635608434677124 269 149 374 189
oven 0.9835575819015503 178 142 374 497
oven 0.9656400680541992 203 139 374 323
oven 0.7238688468933105 283 148 375 299
oven 0.5499123930931091 238 143 374 249
cat 0.9930040240287781 27 183 148 289
cat 0.6927645206451416 0 115 143 297
sink 0.5021314024925232 126 308 356 478
refrigerator 0.6265190839767456 0 1 130 430
book 0.5094665288925171 230 76 267 154
scissors 0.5755326151847839 23 262 122 372
scissors 0.5398812294006348 9 269 142 436
teddy_bear 0.5120680332183838 0 115 142 439
