baseball_glove 0.9296362400054932 412 227 472 290
baseball_glove 0.7943432331085205 380 213 442 260
baseball_glove 0.7313796877861023 295 227 364 269
baseball_glove 0.6875038146972656 411 253 462 333
baseball_glove 0.6006563305854797 316 213 369 244
baseball_glove 0.5853800773620605 586 230 614 274
baseball_glove 0.5224361419677734 524 196 552 233
person 0.9999969005584717 514 170 595 424
person 0.9999324083328247 267 161 375 416
person 0.9995673298835754 394 222 477 424
person 0.9962499737739563 413 45 464 119
person 0.9956386685371399 129 178 191 228
person 0.995111882686615 245 36 324 115
person 0.9935603141784668 533 21 583 84
person 0.9935114979743958 300 65 344 110
person 0.9932489395141602 579 33 619 84
person 0.9927402138710022 558 22 602 86
person 0.99176424741745 109 72 147 111
person 0.991367757320404 509 16 548 72
person 0.9912541508674622 434 44 478 119
person 0.9898518323898315 59 69 94 110
person 0.9897024631500244 374 68 417 115
person 0.9895991086959839 146 66 186 110
person 0.9862222075462341 156 183 195 223
person 0.9855321049690247 0 52 34 100
person 0.985503613948822 451 48 496 116
person 0.9826448559761047 188 160 239 222
person 0.9798336625099182 498 46 545 98
person 0.9791805148124695 313 49 352 100
person 0.9787406325340271 29 65 62 108
person 0.9773873686790466 130 67 166 107
person 0.9710347652435303 206 163 282 224
person 0.9676317572593689 11 0 56 51
person 0.9674654006958008 95 169 151 224
person 0.9653294682502747 488 28 532 84
person 0.9647233486175537 191 63 238 111
person 0.9631335139274597 43 0 84 41
person 0.9628273248672485 237 174 287 225
person 0.9617374539375305 607 28 639 89
person 0.960489809513092 414 11 451 52
person 0.9584557414054871 20 159 103 233
person 0.9466397166252136 218 90 258 116
person 0.9442887306213379 88 64 124 106
person 0.9441615343093872 560 0 616 56
person 0.9430319666862488 300 32 335 74
person 0.9427760243415833 81 0 135 37
person 0.9412593841552734 27 161 79 210
person 0.938814103603363 364 5 408 54
person 0.9386381506919861 144 170 184 211
person 0.9313177466392517 343 29 378 69
person 0.9218766093254089 454 28 489 62
person 0.9194260835647583 208 28 260 98
person 0.918897807598114 381 21 415 65
person 0.8787732720375061 153 42 191 87
person 0.874599039554596 472 0 517 33
person 0.8732548356056213 337 19 373 55
person 0.8672738075256348 397 45 437 103
person 0.8615567684173584 600 193 639 269
person 0.8490153551101685 140 11 179 51
person 0.8464467525482178 89 40 121 75
person 0.8192305564880371 292 10 328 53
person 0.8179687261581421 137 31 170 67
person 0.816662073135376 323 76 382 126
person 0.7205924987792969 554 80 597 116
person 0.7194558382034302 212 4 253 42
person 0.683018684387207 55 39 88 79
person 0.6742863059043884 192 19 232 61
person 0.6735855340957642 111 29 144 63
person 0.6340237855911255 325 0 372 32
person 0.6142903566360474 243 13 281 54
person 0.5927199721336365 281 214 359 351
person 0.5917035341262817 474 96 514 122
person 0.5597994327545166 257 55 308 106
bench 0.9772164821624756 15 411 299 426
bench 0.8509353995323181 44 210 101 236
bench 0.6310169696807861 13 378 622 426
baseball_bat 0.99594646692276 326 125 355 223
baseball_bat 0.8821399807929993 284 125 343 224
baseball_bat 0.613871157169342 407 346 463 426
baseball_bat 0.5942726731300354 319 98 377 176
