chair 0.8770402073860168 0 151 264 422
chair 0.7440415024757385 64 288 256 424
chair 0.540687084197998 0 27 640 423
bed 0.8884422779083252 0 146 640 422
bed 0.7339104413986206 0 34 294 424
bed 0.7270209789276123 0 28 639 265
bed 0.7092929482460022 322 217 638 423
bed 0.6620773077011108 0 151 93 421
book 0.727916955947876 73 280 243 408
cat 0.9997665286064148 434 158 638 282
cat 0.9996929168701172 41 130 238 299
cat 0.9887978434562683 164 150 566 333
cat 0.9480777382850647 64 133 398 288
cat 0.8880500793457031 207 185 428 352
cat 0.8762058019638062 248 136 635 282
cat 0.852300226688385 383 161 639 424
cat 0.7598440051078796 18 119 475 417
