person 0.7060810327529907 0 482 87 638
person 0.5525903105735779 267 369 308 410
person 0.5335642695426941 360 588 412 623
person 0.5227401852607727 422 471 479 575
car 0.7552918195724487 156 421 196 447
car 0.6717751622200012 420 481 475 521
car 0.6095986366271973 126 400 203 442
car 0.5610945820808411 153 414 320 453
cup 0.605414867401123 120 0 264 50
cup 0.517658531665802 422 0 480 54
bird 0.7053457498550415 164 295 220 359
bird 0.6665101647377014 138 329 208 373
book 0.9692748785018921 1 37 477 626
book 0.6812644600868225 57 298 385 449
book 0.5196982026100159 58 479 472 636
book 0.5186668634414673 417 285 479 432
chair 0.5973691940307617 2 0 282 58
