bed 0.950986385345459 295 183 451 289
bed 0.9342447519302368 0 88 639 422
bed 0.9337437152862549 230 192 449 348
bed 0.8804730772972107 378 0 640 420
bed 0.8335165977478027 200 158 500 422
bed 0.8130646347999573 142 335 515 424
bed 0.6636084318161011 225 266 436 422
bed 0.6357511281967163 468 141 639 417
bed 0.5850133895874023 523 216 639 371
bed 0.5846460461616516 34 247 589 422
bed 0.5396583080291748 211 49 574 296
bed 0.5191407203674316 1 79 293 422
person 0.6149367690086365 0 77 212 217
person 0.6137266755104065 0 103 203 310
person 0.5813058018684387 0 103 112 226
book 0.5490044355392456 1 236 192 285
book 0.5037124156951904 41 328 236 424
chair 0.9331932067871094 221 46 472 419
chair 0.7220218181610107 0 94 215 422
chair 0.7151110768318176 487 22 636 317
chair 0.5965364575386047 525 110 639 355
chair 0.5221226811408997 6 258 240 422
