person 0.9949958324432373 191 198 438 511
toilet 0.8277110457420349 161 379 282 473
toilet 0.7879841327667236 188 226 421 482
toilet 0.7431089878082275 219 251 354 449
toilet 0.7262016534805298 211 218 406 366
toilet 0.695645272731781 147 216 277 467
toilet 0.6614220142364502 238 360 363 475
toilet 0.5791686177253723 158 129 243 277
skateboard 0.8817700147628784 326 448 427 514
bottle 0.9844850301742554 281 27 333 112
bottle 0.9813635349273682 323 11 365 116
bottle 0.8783458471298218 282 74 316 126
bottle 0.8416207432746887 263 101 286 136
bottle 0.7767859697341919 264 33 309 80
bottle 0.7669092416763306 159 105 213 142
bottle 0.7489466667175293 316 5 357 83
bottle 0.7345183491706848 312 74 339 118
bottle 0.6572028398513794 166 120 219 190
bottle 0.6494127511978149 154 12 192 87
bottle 0.6248293519020081 344 53 371 115
bottle 0.6174010038375854 326 1 429 125
bottle 0.6105057597160339 337 70 361 117
bottle 0.5789845585823059 185 102 224 137
bottle 0.5610103607177734 166 158 192 211
bottle 0.5457667112350464 171 151 205 213
bottle 0.5017302632331848 99 0 160 191
cup 0.8129814863204956 372 74 409 121
cup 0.7258810997009277 326 117 388 191
cup 0.6097859144210815 382 74 423 115
cup 0.5264430642127991 344 121 428 204
cup 0.5002415776252747 360 76 387 113
sink 0.9605758190155029 153 140 350 216
sink 0.911367654800415 220 145 370 203
sink 0.8429824113845825 243 118 437 196
sink 0.7344059944152832 239 137 340 182
sink 0.7229973077774048 195 141 295 174
sink 0.7125259041786194 133 91 449 217
refrigerator 0.8649769425392151 409 2 479 375
refrigerator 0.8130412697792053 129 3 466 427
bowl 0.5347228646278381 182 67 225 87
toothbrush 0.9881705045700073 389 30 411 74
toothbrush 0.9567844867706299 383 35 410 102
toothbrush 0.9091949462890625 171 138 224 161
toothbrush 0.7463082075119019 402 26 433 104
toothbrush 0.7315963506698608 239 138 303 161
toothbrush 0.6318948268890381 298 5 332 58
toothbrush 0.5073446035385132 355 12 390 101
toothbrush 0.5071852207183838 412 96 442 143
handbag 0.554995596408844 314 122 426 207
