person 0.9976657629013062 448 412 571 637
person 0.9970109462738037 478 377 639 636
person 0.995354413986206 90 442 379 636
person 0.9911126494407654 253 436 380 637
person 0.9879450798034668 381 429 503 635
person 0.9838536977767944 316 483 407 638
person 0.9804112911224365 87 384 253 636
person 0.9751450419425964 600 412 639 546
person 0.9611882567405701 592 413 640 635
person 0.9581919312477112 62 396 79 443
person 0.9373390674591064 273 436 336 549
person 0.9267433881759644 54 384 73 446
person 0.9161299467086792 613 413 639 467
person 0.8622081279754639 157 431 175 458
person 0.8617035150527954 355 500 408 619
person 0.8502784967422485 45 387 64 436
person 0.8496310710906982 206 438 478 636
person 0.8429233431816101 531 392 556 424
person 0.7863362431526184 529 394 564 438
person 0.7839200496673584 563 373 597 435
person 0.7794622778892517 467 414 554 538
person 0.7692084312438965 405 425 480 550
person 0.7571276426315308 556 384 587 440
person 0.728826105594635 131 450 276 636
person 0.6660500764846802 156 411 179 462
person 0.6616228818893433 34 398 61 507
person 0.5969219207763672 0 387 17 431
person 0.573506236076355 375 488 425 562
person 0.5644070506095886 578 416 639 485
person 0.5041324496269226 302 549 401 639
car 0.963664174079895 83 411 128 477
car 0.7697119116783142 0 435 19 527
car 0.7302321791648865 0 427 39 578
car 0.6951781511306763 0 498 47 586
car 0.5738343596458435 0 414 27 453
car 0.5206847190856934 151 369 192 453
bus 0.9677742123603821 0 317 62 510
bus 0.9115123152732849 449 120 640 379
bus 0.6603643298149109 31 328 143 498
bus 0.5804085731506348 70 348 144 463
truck 0.5078747868537903 53 329 159 479
traffic_light 0.970289409160614 493 231 531 285
traffic_light 0.9597368836402893 488 85 539 235
traffic_light 0.9307551980018616 512 92 545 154
traffic_light 0.9297444224357605 482 262 530 313
traffic_light 0.8932467699050903 580 126 619 174
traffic_light 0.8249501585960388 207 0 253 32
traffic_light 0.6147698760032654 122 306 162 346
traffic_light 0.5996948480606079 555 266 605 388
traffic_light 0.5793728828430176 219 0 292 37
traffic_light 0.5597344636917114 169 329 214 376
cell_phone 0.5300347805023193 556 384 582 427
cell_phone 0.5279396772384644 568 410 601 458
cup 0.5273435711860657 476 509 511 550
umbrella 0.9999006986618042 164 354 491 466
umbrella 0.9916640520095825 327 388 530 486
umbrella 0.9526999592781067 159 346 497 565
umbrella 0.9200822710990906 410 386 524 452
umbrella 0.5675649642944336 289 348 475 431
handbag 0.7165715098381042 465 519 528 625
handbag 0.6694194674491882 587 538 639 639
