person 0.9971588850021362 0 244 267 425
person 0.9765672087669373 0 1 293 476
person 0.7462866306304932 0 356 181 478
person 0.7095505595207214 0 7 612 472
person 0.6699301600456238 0 1 225 168
person 0.6043201088905334 16 204 359 475
person 0.5394376516342163 0 22 119 457
dining_table 0.9554681181907654 64 205 630 477
dining_table 0.5391969680786133 0 0 356 262
dining_table 0.5248722434043884 0 0 639 76
book 0.6213364601135254 0 164 98 238
scissors 0.7478950023651123 170 0 362 92
scissors 0.7387401461601257 209 20 333 76
scissors 0.6306986808776855 185 0 639 243
scissors 0.6171351671218872 35 5 343 141
scissors 0.5386016964912415 234 0 344 68
cake 0.9049772620201111 78 61 598 439
