dining_table 0.8256686925888062 0 135 167 433
dining_table 0.5546273589134216 15 184 388 434
dining_table 0.5002337694168091 0 4 639 434
donut 0.9593225717544556 280 297 398 410
donut 0.9282878637313843 401 319 527 428
donut 0.7914559841156006 110 325 247 437
donut 0.715077817440033 27 216 160 311
donut 0.6570445895195007 229 376 359 438
cake 0.980453372001648 317 107 411 182
cake 0.9761531352996826 344 83 433 161
cake 0.9757747650146484 284 171 388 251
cake 0.9662510752677917 382 139 477 204
cake 0.9610509276390076 489 133 599 216
cake 0.9596173167228699 45 11 578 260
cake 0.9523295164108276 168 18 554 430
cake 0.9487137794494629 479 169 587 273
cake 0.9475827217102051 253 212 364 306
cake 0.9463950395584106 513 104 607 170
cake 0.94625324010849 383 40 519 121
cake 0.9440943598747253 380 191 485 262
cake 0.9359913468360901 215 174 327 264
cake 0.9330753684043884 202 133 307 230
cake 0.919513463973999 223 92 324 164
cake 0.8980810642242432 471 206 590 355
cake 0.8958776593208313 474 70 611 140
cake 0.8954182863235474 366 200 483 309
cake 0.8947705626487732 327 53 432 128
cake 0.8836902379989624 270 37 362 106
cake 0.8830073475837708 357 2 634 155
cake 0.8796923160552979 420 89 505 153
cake 0.8743158578872681 1 2 214 240
cake 0.8732100129127502 165 66 278 157
cake 0.8693684935569763 426 110 519 173
cake 0.8566754460334778 118 66 235 159
cake 0.8326109051704407 356 242 470 335
cake 0.8324500918388367 113 99 225 192
cake 0.7845861911773682 128 38 216 101
cake 0.7505878210067749 59 123 214 225
cake 0.7285497784614563 178 262 298 370
cake 0.7131087779998779 176 32 283 111
cake 0.707603394985199 193 19 291 86
cake 0.6955585479736328 128 150 237 236
cake 0.6704475283622742 27 207 133 301
cake 0.660847008228302 59 112 160 186
cake 0.657826840877533 459 261 541 336
cake 0.6565262079238892 148 195 243 278
cake 0.6295318603515625 393 315 524 435
cake 0.5845589637756348 221 375 359 438
cake 0.5662807822227478 104 327 245 437
cake 0.5655020475387573 278 292 406 422
cake 0.5634260177612305 45 169 148 232
chair 0.7127606868743896 217 0 388 39
