bed 0.6584587097167969 0 1 639 421
bed 0.5549415946006775 171 1 636 197
person 0.763484537601471 220 4 637 287
train 0.6404790282249451 158 68 639 321
cell_phone 0.9014430046081543 231 98 313 140
cell_phone 0.6649894118309021 198 87 324 134
cell_phone 0.6572428941726685 205 112 319 145
cat 0.9685356020927429 245 139 354 271
cat 0.869783878326416 0 33 253 291
cat 0.8515853881835938 229 135 431 347
cat 0.7782970666885376 276 161 632 410
cat 0.6886031627655029 255 328 635 423
cat 0.6824563145637512 1 32 338 421
cat 0.6166737079620361 422 293 485 349
cat 0.5031900405883789 432 296 542 354
knife 0.6626521348953247 179 80 502 143
book 0.7254389524459839 411 0 539 106
book 0.6778294444084167 482 0 551 104
book 0.6501843929290771 171 76 564 246
book 0.5567458271980286 183 83 482 152
cake 0.9120809435844421 0 30 640 422
