bird 0.831070601940155 315 97 324 104
bird 0.7806755900382996 319 93 329 100
bird 0.7534068822860718 351 101 384 116
bird 0.7049920558929443 441 230 449 238
bird 0.6047008633613586 513 467 547 501
boat 0.9996844530105591 74 201 412 500
boat 0.9983443021774292 132 216 282 303
boat 0.9949089884757996 113 239 287 338
boat 0.9934542179107666 146 247 276 293
boat 0.9923290610313416 233 368 561 520
boat 0.8939720988273621 112 263 241 320
boat 0.8692567348480225 130 234 146 245
boat 0.8167673945426941 130 231 142 240
boat 0.7731213569641113 127 459 572 621
boat 0.6497578024864197 166 251 236 289
boat 0.5641542673110962 31 177 85 209
car 0.5665491819381714 345 188 401 212
person 0.9963929057121277 323 369 358 438
person 0.9943367838859558 118 294 129 315
person 0.9935943484306335 156 294 174 322
person 0.9932252764701843 338 370 367 437
person 0.9929854273796082 106 294 116 314
person 0.9922847747802734 127 294 140 316
person 0.9919248223304749 133 295 146 317
person 0.991756796836853 163 291 178 311
person 0.9914423823356628 121 295 133 316
person 0.991213858127594 156 317 170 344
person 0.9908847212791443 140 296 153 319
person 0.9907570481300354 151 299 170 333
person 0.9905086755752563 169 317 183 346
person 0.9900345206260681 165 300 185 344
person 0.9895076155662537 312 368 340 429
person 0.9875571727752686 190 381 217 420
person 0.9855953454971313 338 364 361 405
person 0.9790520668029785 175 310 191 342
person 0.9777799844741821 112 282 130 309
person 0.9743960499763489 281 387 298 415
person 0.9734206199645996 279 385 310 436
person 0.9732751846313477 205 246 224 279
person 0.971696138381958 270 388 292 435
person 0.9716601371765137 204 361 237 412
person 0.9714576601982117 318 365 336 393
person 0.9650282263755798 345 362 363 389
person 0.9645570516586304 247 341 268 367
person 0.9636591076850891 257 341 277 367
person 0.9612515568733215 309 357 325 385
person 0.9583789706230164 295 360 316 406
person 0.958122730255127 258 391 275 432
person 0.9569683074951172 187 317 202 341
person 0.9563558101654053 304 369 327 418
person 0.9552484750747681 216 402 240 433
person 0.9473320245742798 291 355 311 394
person 0.9363853335380554 342 362 357 383
person 0.9353167414665222 289 345 306 373
person 0.9338111877441406 248 380 263 401
person 0.9297407269477844 262 389 277 415
person 0.9200425744056702 360 397 387 428
person 0.9046610593795776 234 406 267 438
person 0.8905366063117981 339 405 365 440
person 0.8852925300598145 273 415 296 439
person 0.876840353012085 348 412 388 449
person 0.8705113530158997 309 396 332 431
person 0.8679910898208618 290 384 319 434
person 0.862150251865387 312 406 342 437
person 0.798420786857605 290 414 312 437
person 0.7604486346244812 318 388 396 461
person 0.7359374165534973 193 260 226 283
person 0.693433403968811 512 444 580 509
person 0.6704521775245667 533 437 579 479
person 0.6447814106941223 130 245 155 270
person 0.5910688638687134 551 437 575 471
