bed 0.9613694548606873 153 329 547 477
bed 0.9500846266746521 130 122 538 333
bed 0.8634883761405945 143 223 542 429
bed 0.6792396306991577 119 400 592 479
bed 0.6107730269432068 165 298 532 394
bed 0.5897239446640015 156 18 516 227
person 0.9718865156173706 226 139 397 265
person 0.8949450254440308 313 139 376 232
person 0.8846111297607422 213 157 306 255
person 0.7790637612342834 339 154 423 233
person 0.7033697366714478 141 82 215 172
person 0.6830344796180725 274 147 334 211
person 0.5704994201660156 0 1 214 475
person 0.532590925693512 400 193 455 227
snowboard 0.9273208975791931 278 232 341 268
snowboard 0.9244768023490906 294 202 390 248
snowboard 0.9123808145523071 205 222 528 306
snowboard 0.8736393451690674 280 230 498 280
snowboard 0.837446928024292 163 253 516 322
snowboard 0.7968838810920715 325 211 471 264
snowboard 0.6730322241783142 530 113 635 457
snowboard 0.5399830341339111 326 254 526 318
snowboard 0.5241988301277161 119 202 329 259
toilet 0.5155624747276306 0 1 127 214
train 0.9121670126914978 9 1 640 473
skateboard 0.5997748970985413 15 283 62 315
surfboard 0.8149071931838989 146 124 497 240
surfboard 0.5704256892204285 2 317 139 476
clock 0.8748921155929565 217 63 346 99
clock 0.8568089008331299 320 62 400 100
clock 0.6852062344551086 240 48 443 93
clock 0.5263541340827942 616 63 639 94
