person 0.9999181032180786 5 163 134 392
person 0.9900049567222595 603 253 639 385
person 0.974869966506958 333 174 401 370
person 0.9154077172279358 604 320 639 383
person 0.850676953792572 318 230 358 362
person 0.8498427271842957 0 155 31 347
person 0.8399499654769897 359 282 399 371
person 0.8082641363143921 592 148 616 194
person 0.7888165712356567 188 232 274 350
person 0.7887911200523376 513 348 559 385
person 0.7267273664474487 527 302 639 373
person 0.6695920825004578 598 149 639 287
person 0.6661698222160339 0 177 72 389
person 0.6548709869384766 294 241 340 353
person 0.6540411114692688 198 236 258 290
person 0.6099528670310974 607 232 639 321
person 0.5974454879760742 512 162 588 369
person 0.5742543339729309 216 249 287 347
person 0.5698806047439575 270 273 319 357
person 0.562980055809021 536 84 639 371
person 0.5590254664421082 20 218 185 378
person 0.5313621759414673 545 154 573 196
person 0.5297297835350037 562 156 593 207
tv 0.668919026851654 360 45 420 110
tv 0.5276696681976318 269 7 409 117
skateboard 0.7536198496818542 210 341 301 369
skateboard 0.5804586410522461 4 255 100 277
bottle 0.669812798500061 8 138 34 201
bottle 0.660982072353363 29 3 45 32
bottle 0.5203607678413391 476 54 498 112
cell_phone 0.8018697500228882 79 140 123 190
cell_phone 0.7660524249076843 80 122 137 162
cell_phone 0.70015949010849 345 226 366 247
bird 0.6116661429405212 138 422 169 427
bird 0.5523896217346191 236 224 331 314
book 0.6058180928230286 62 123 175 259
giraffe 0.5178337097167969 216 220 333 360
umbrella 0.8818222880363464 584 82 639 161
handbag 0.6873851418495178 600 225 639 308
