toilet 0.7104705572128296 0 426 171 479
tv 0.8911773562431335 156 0 543 263
bird 0.9439144134521484 448 32 525 75
bird 0.920744776725769 281 38 351 129
bird 0.8915150165557861 222 42 362 193
bird 0.7261061072349548 185 116 354 225
bird 0.7073988318443298 220 86 336 150
bird 0.5785059928894043 204 95 328 194
sink 0.9202613234519958 601 307 639 373
sink 0.7611545920372009 575 315 639 448
sink 0.7407358288764954 364 284 570 342
sink 0.7201150059700012 595 278 640 333
refrigerator 0.9893379211425781 34 0 490 477
refrigerator 0.9686079621315002 561 4 639 475
refrigerator 0.5264365673065186 4 346 473 478
refrigerator 0.5228367447853088 164 289 573 477
cat 0.994001567363739 138 114 524 343
cat 0.6272361874580383 150 181 535 477
bowl 0.5766307711601257 322 116 408 143
bowl 0.5294807553291321 197 289 256 327
chair 0.8438701629638672 521 287 581 356
chair 0.8291294574737549 0 422 85 479
chair 0.6683060526847839 547 289 587 337
chair 0.5494688153266907 561 284 617 396
chair 0.539212167263031 454 294 580 478
