tie 0.6968956589698792 295 73 306 103
person 0.9993795156478882 259 47 366 330
person 0.9908428192138672 40 68 178 138
person 0.9583905935287476 105 68 208 140
person 0.9503340125083923 40 165 71 189
person 0.9372174739837646 294 55 327 104
person 0.9197505712509155 54 130 145 188
person 0.912213146686554 1 75 170 199
person 0.9041756391525269 466 51 499 88
person 0.8701858520507812 71 66 175 113
person 0.849217414855957 91 127 192 184
person 0.8373492360115051 39 45 379 325
person 0.8244566917419434 57 68 291 144
person 0.8202669620513916 0 122 68 194
person 0.7858024835586548 0 23 275 202
person 0.716521143913269 0 20 176 97
person 0.6861587166786194 272 165 331 324
person 0.6626246571540833 268 117 350 245
person 0.6306726932525635 206 114 272 144
person 0.5622737407684326 0 42 39 75
person 0.5610283613204956 274 50 362 172
person 0.5519241094589233 139 88 272 145
person 0.5156199932098389 308 61 324 85
person 0.5082218050956726 9 20 103 70
frisbee 0.5882691144943237 81 260 146 274
kite 0.6466021537780762 334 56 496 248
baseball_glove 0.6656848788261414 345 63 371 100
skateboard 0.6186609864234924 269 285 309 332
umbrella 0.9741352796554565 106 76 297 142
umbrella 0.8060230016708374 74 255 245 277
umbrella 0.7875789403915405 63 51 379 144
umbrella 0.7858641743659973 7 73 290 196
umbrella 0.7800347805023193 147 73 261 108
umbrella 0.726744532585144 298 44 374 100
umbrella 0.6961153745651245 -1 5 378 122
umbrella 0.5358455777168274 25 246 153 274
umbrella 0.5203781127929688 0 55 109 103
handbag 0.5576204657554626 246 261 294 298
