tie 0.9089021682739258 400 199 420 218
tie 0.7765777111053467 391 201 416 235
tie 0.5598582625389099 380 183 407 205
tie 0.5206331610679626 400 183 419 204
person 0.9986177682876587 333 144 460 444
person 0.9610543251037598 218 225 229 234
person 0.9457691311836243 218 213 238 231
person 0.8794524669647217 100 199 137 238
person 0.8784446716308594 317 211 341 250
person 0.8356444239616394 23 192 65 253
person 0.829175591468811 216 226 224 234
person 0.8283247351646423 195 208 218 230
person 0.8190808296203613 534 181 563 237
person 0.8183170557022095 223 224 231 233
person 0.8019914031028748 32 240 57 269
person 0.7749021053314209 219 181 243 222
person 0.7463827133178711 154 197 200 237
person 0.6751232147216797 196 210 211 226
person 0.6439818739891052 294 245 304 254
person 0.6429126858711243 180 200 232 228
person 0.6421942114830017 298 246 311 256
person 0.6226013898849487 202 221 211 230
person 0.601520299911499 3 201 20 220
person 0.534727156162262 183 200 209 222
person 0.520611584186554 519 188 548 212
skis 0.9997125267982483 335 399 361 445
skis 0.9987564086914062 364 430 404 475
skis 0.9963117241859436 368 429 463 479
skis 0.9821293950080872 387 330 415 448
skis 0.9643194079399109 329 290 382 477
skis 0.9233287572860718 373 355 441 477
skis 0.911842405796051 326 257 350 437
skis 0.7249122858047485 71 95 555 450
skis 0.6195240020751953 517 6 528 19
sports_ball 0.9919604659080505 518 295 525 302
sports_ball 0.9781619310379028 521 294 528 301
sports_ball 0.9708095192909241 185 201 199 216
sports_ball 0.9512041807174683 550 425 561 435
sports_ball 0.9419426918029785 542 326 556 339
sports_ball 0.9393976926803589 603 340 613 348
sports_ball 0.9344338774681091 550 429 560 438
sports_ball 0.926139235496521 437 273 457 300
sports_ball 0.9172375798225403 608 341 617 349
sports_ball 0.864915132522583 578 269 586 275
sports_ball 0.8011161088943481 543 187 555 207
sports_ball 0.7967174649238586 538 187 549 205
sports_ball 0.7610719203948975 537 234 544 241
sports_ball 0.7586489319801331 568 98 578 109
sports_ball 0.7573308348655701 568 228 576 236
sports_ball 0.7401624917984009 564 218 573 228
sports_ball 0.6007741093635559 321 284 342 416
sports_ball 0.5594913959503174 547 232 556 240
sports_ball 0.5532553195953369 630 269 638 275
sports_ball 0.5508118867874146 339 223 364 249
sports_ball 0.5291150212287903 628 269 635 275
sports_ball 0.5155868530273438 550 281 565 294
bird 0.7930859327316284 59 26 79 49
bird 0.7731592059135437 387 40 411 66
bird 0.7042903304100037 460 24 470 34
bird 0.6556816697120667 426 45 433 52
bird 0.6114941239356995 469 41 479 52
bird 0.5954707860946655 427 41 433 48
bird 0.5815415978431702 421 43 428 50
bird 0.5694814324378967 487 50 496 59
backpack 0.5267366170883179 374 175 416 215
