bird 0.9999220371246338 91 62 118 82
bird 0.9997166991233826 86 65 110 84
bird 0.9994449019432068 56 70 72 84
bird 0.9984657764434814 82 60 111 92
bird 0.9975696206092834 369 247 383 261
bird 0.9971176385879517 368 251 382 265
bird 0.9971153736114502 536 96 572 122
bird 0.9963480830192566 366 234 391 263
bird 0.9958458542823792 269 164 291 187
bird 0.9928621649742126 195 0 232 21
bird 0.9901334047317505 371 18 415 51
bird 0.9898871779441833 528 84 563 109
bird 0.9883488416671753 213 1 255 26
bird 0.9875655770301819 319 100 343 122
bird 0.9870966672897339 256 28 283 64
bird 0.9869883060455322 280 4 311 20
bird 0.9772638082504272 615 126 639 168
bird 0.9770102500915527 392 0 455 28
bird 0.9765012860298157 350 12 394 41
bird 0.9754008054733276 302 118 325 137
bird 0.9661030173301697 279 151 335 193
bird 0.9597252607345581 379 0 419 9
bird 0.9460271596908569 352 0 437 44
bird 0.935261070728302 357 225 446 339
bird 0.9341326355934143 388 287 451 340
bird 0.9285365343093872 569 157 621 217
bird 0.9206057190895081 524 0 573 4
bird 0.8862082362174988 396 247 607 343
bird 0.8480325937271118 573 267 632 345
bird 0.8405303359031677 0 112 21 217
bird 0.8401134014129639 53 243 93 268
bird 0.7452256679534912 0 241 24 269
bird 0.735162615776062 181 0 438 48
bird 0.7161279916763306 178 296 522 398
bird 0.7075666189193726 436 28 621 190
bird 0.6969718337059021 291 155 349 256
bird 0.6325045228004456 366 116 635 360
zebra 0.9999902248382568 120 145 364 309
zebra 0.9981319308280945 249 175 361 292
zebra 0.9933384656906128 116 202 287 297
zebra 0.9877548813819885 194 230 299 299
zebra 0.9060666561126709 102 142 579 300
zebra 0.8993388414382935 308 170 372 232
zebra 0.872160792350769 244 155 343 232
zebra 0.7576858997344971 3 243 354 422
zebra 0.6462811231613159 113 208 190 283
zebra 0.5745729207992554 73 258 116 280
zebra 0.5583088397979736 158 152 349 247
