bird 0.9999459981918335 248 392 262 402
bird 0.9999309778213501 239 391 254 403
bird 0.9999010562896729 246 395 260 405
bird 0.9998902082443237 197 403 215 411
bird 0.9997885823249817 551 370 564 382
bird 0.9997584223747253 516 367 529 378
bird 0.9997127652168274 552 400 574 412
bird 0.9996317625045776 487 393 507 405
bird 0.9995429515838623 577 423 595 435
bird 0.9995087385177612 484 385 506 402
bird 0.999496579170227 531 384 554 402
bird 0.9992683529853821 556 370 567 379
bird 0.9992268085479736 204 403 219 411
bird 0.9989185333251953 193 336 217 361
bird 0.9988677501678467 126 402 140 410
bird 0.9985020160675049 540 369 552 379
bird 0.9983135461807251 203 406 216 413
bird 0.9969603419303894 492 381 540 403
bird 0.9951183795928955 405 386 438 416
bird 0.992994487285614 326 385 369 412
bird 0.9926198124885559 130 389 146 400
bird 0.9868314266204834 387 373 417 403
bird 0.9830493927001953 397 118 463 152
bird 0.9778819680213928 0 289 6 315
bird 0.9691296815872192 158 117 211 172
bird 0.9606044292449951 330 380 405 415
bird 0.9600065350532532 555 128 589 155
bird 0.951184868812561 165 99 287 172
bird 0.9408381581306458 489 118 536 151
bird 0.9327587485313416 624 148 639 179
bird 0.9326658844947815 105 106 165 171
bird 0.9231019616127014 85 102 191 176
bird 0.8904294967651367 73 113 143 146
bird 0.8848854899406433 405 119 485 186
bird 0.8598276972770691 82 131 116 148
bird 0.8140930533409119 585 145 640 174
bird 0.7941960692405701 525 223 545 254
bird 0.7752484083175659 486 179 509 194
bird 0.7672579288482666 217 92 327 161
bird 0.7643818855285645 354 342 419 394
bird 0.7564036250114441 492 206 544 253
bird 0.7309889197349548 123 82 425 245
bird 0.7193810343742371 457 117 544 231
bird 0.6919599175453186 87 130 135 172
bird 0.652621865272522 253 122 285 161
bird 0.6211165189743042 484 220 507 248
bird 0.5763512253761292 365 239 395 259
bird 0.5357280969619751 299 323 456 416
bird 0.5209120512008667 0 215 33 245
bird 0.5024784207344055 0 105 639 269
person 0.9101497530937195 286 241 298 254
person 0.9048237204551697 35 165 64 197
person 0.8388867378234863 268 241 285 255
person 0.7724176645278931 281 240 294 255
person 0.7631885409355164 293 240 313 253
person 0.6346659660339355 304 233 334 253
person 0.6215798258781433 305 242 325 254
person 0.5674468874931335 395 169 438 205
person 0.5413807034492493 2 188 52 232
person 0.5288145542144775 502 195 533 231
person 0.5093985795974731 140 198 171 239
cow 0.5177622437477112 328 313 454 408
boat 0.6237886548042297 43 217 138 249
boat 0.557133138179779 50 221 95 241
