bed 0.5743528604507446 11 0 267 206
person 0.8791783452033997 532 331 631 475
person 0.7609959244728088 0 21 28 371
person 0.7181563377380371 20 1 299 406
person 0.5810709595680237 25 80 283 215
person 0.5477884411811829 37 0 195 124
person 0.5071570873260498 502 0 639 325
car 0.8519369959831238 0 0 639 476
car 0.5766603946685791 0 319 639 478
car 0.5730792880058289 539 30 640 378
tv 0.6972222328186035 354 0 638 260
tv 0.5879303812980652 0 1 635 416
laptop 0.5019084811210632 0 354 638 477
bird 0.5971773266792297 347 207 428 260
cat 0.6205614805221558 75 210 205 400
dog 0.7090878486633301 77 203 348 416
cow 0.5002175569534302 333 209 523 416
