bed 0.9437520503997803 430 330 638 424
bed 0.6043081283569336 538 317 639 420
bed 0.5084289908409119 0 267 171 424
person 0.840671718120575 0 266 84 424
person 0.8251370191574097 355 255 371 284
person 0.7319754362106323 363 254 380 289
person 0.6310199499130249 261 245 373 373
person 0.6279098987579346 304 286 396 373
person 0.5946375727653503 499 270 591 408
person 0.5844208002090454 0 260 51 335
person 0.5286702513694763 0 264 130 359
person 0.5083673596382141 145 262 171 320
traffic_light 0.895022451877594 261 220 282 271
traffic_light 0.5156497955322266 497 132 510 156
book 0.9772935509681702 502 195 640 250
book 0.8743361830711365 414 226 501 274
book 0.7179620862007141 411 242 508 317
book 0.6573095321655273 543 143 639 209
book 0.6002542972564697 486 193 640 304
book 0.5730777382850647 178 270 224 317
teddy_bear 0.8053075075149536 480 274 520 305
teddy_bear 0.702709436416626 452 277 509 319
teddy_bear 0.6643791198730469 513 275 567 316
teddy_bear 0.6241320371627808 286 273 376 364
teddy_bear 0.6147874593734741 301 273 354 320
teddy_bear 0.6063826084136963 438 276 573 405
teddy_bear 0.5488050580024719 369 309 432 361
teddy_bear 0.5290881395339966 503 277 553 332
teddy_bear 0.5018342733383179 100 262 152 329
umbrella 0.9728614687919617 210 1 393 156
umbrella 0.6664127111434937 209 2 637 297
