car 0.8785443902015686 0 0 639 428
car 0.843201756477356 209 0 355 52
car 0.8402952551841736 41 1 219 189
car 0.7637746334075928 142 3 616 212
car 0.7139149904251099 560 0 634 20
car 0.6702574491500854 0 0 48 33
car 0.6689450144767761 398 3 622 69
car 0.6567370295524597 353 0 632 25
car 0.6341202259063721 131 0 414 65
car 0.6100637912750244 0 0 199 428
car 0.6068495512008667 107 0 254 98
car 0.5611420273780823 15 1 412 193
truck 0.6560838222503662 0 -1 229 429
stop_sign 0.9999377727508545 61 147 246 342
stop_sign 0.9283694624900818 102 257 202 339
stop_sign 0.9091904163360596 98 323 200 430
stop_sign 0.6662914752960205 104 176 196 262
stop_sign 0.534538209438324 117 218 209 327
oven 0.62955242395401 368 80 635 425
sink 0.5995731949806213 362 4 636 425
