person 0.9999111890792847 347 112 503 475
person 0.9970405697822571 133 101 261 476
person 0.9953796863555908 260 97 392 477
person 0.7941933870315552 0 55 32 328
person 0.6328287124633789 555 212 615 309
person 0.5252037644386292 166 104 268 316
bus 0.5091914534568787 285 0 642 85
bottle 0.7022410035133362 498 28 582 85
bottle 0.696658194065094 329 0 361 26
bottle 0.6860023140907288 482 32 523 80
bottle 0.5457456707954407 83 0 129 28
cup 0.6549386978149414 86 73 114 99
umbrella 0.999681830406189 214 39 458 120
umbrella 0.9222558736801147 199 34 494 312
umbrella 0.5379214286804199 602 24 639 73
handbag 0.9893431663513184 145 181 281 385
handbag 0.9862268567085266 439 181 550 326
handbag 0.9802753329277039 250 269 322 333
handbag 0.9766392111778259 259 148 317 299
handbag 0.9423637390136719 260 196 334 326
handbag 0.9403736591339111 423 211 493 342
handbag 0.9344968199729919 123 183 189 328
handbag 0.9223758578300476 270 119 377 341
handbag 0.9141020178794861 259 224 319 306
handbag 0.8989177942276001 153 261 288 420
handbag 0.8694261908531189 177 199 311 335
handbag 0.8387107253074646 226 135 340 343
handbag 0.7986469268798828 145 176 194 259
handbag 0.785098671913147 297 147 346 247
handbag 0.735795259475708 172 194 250 289
handbag 0.730492115020752 0 263 20 329
handbag 0.72379070520401 209 191 256 267
handbag 0.699030339717865 164 175 224 269
handbag 0.6824048757553101 311 100 349 152
handbag 0.6233868598937988 367 167 401 225
handbag 0.6060868501663208 398 155 517 372
handbag 0.5070996284484863 574 20 640 80
