person 0.9993334412574768 293 203 323 281
person 0.9989172220230103 285 207 309 281
person 0.9982337951660156 237 198 263 264
person 0.9969905614852905 312 210 341 275
person 0.9961434602737427 154 201 176 254
person 0.9956371188163757 200 196 223 253
person 0.9955761432647705 253 198 281 274
person 0.9883375763893127 174 199 203 257
person 0.9845584034919739 207 201 232 263
person 0.9800671935081482 194 204 214 255
person 0.9617375731468201 206 193 228 233
person 0.9245124459266663 265 230 291 275
person 0.9222474694252014 151 202 167 251
person 0.9110135436058044 172 200 192 244
person 0.9098753929138184 240 191 256 219
person 0.9017215371131897 340 237 361 259
person 0.8928777575492859 249 195 268 233
person 0.8305045366287231 235 202 255 239
person 0.8109029531478882 171 189 191 219
person 0.780267059803009 243 210 262 249
person 0.7503450512886047 177 171 195 196
person 0.7492098808288574 256 197 277 244
person 0.7249066233634949 187 196 206 231
person 0.6940979361534119 192 189 213 216
person 0.692469596862793 155 196 170 216
person 0.6215750575065613 223 222 244 254
person 0.614774227142334 159 220 178 253
person 0.5939071178436279 208 190 228 214
car 0.952396035194397 400 175 450 202
car 0.8983384370803833 119 165 139 178
car 0.8971125483512878 14 197 131 284
car 0.8755178451538086 153 166 183 187
car 0.7940265536308289 366 174 456 209
car 0.7802461981773376 350 189 465 226
car 0.7683812379837036 78 167 105 182
car 0.7552066445350647 309 120 392 181
car 0.7439979314804077 312 118 367 167
car 0.7068918943405151 29 200 128 242
car 0.702286422252655 38 180 137 228
car 0.6940266489982605 6 180 78 230
car 0.6726213693618774 160 181 242 230
car 0.6538766026496887 15 183 41 213
car 0.6535310745239258 8 196 96 253
car 0.6503273844718933 0 188 9 243
car 0.6432316303253174 223 197 247 235
car 0.6422185301780701 6 184 31 214
car 0.618706464767456 400 133 461 197
car 0.6093152165412903 60 229 129 253
car 0.531602680683136 264 222 287 243
car 0.5267345905303955 270 228 294 248
bus 0.7815217971801758 331 73 480 316
bus 0.5917984247207642 335 220 479 311
bus 0.5866614580154419 0 53 480 316
truck 0.9166412949562073 187 94 477 248
truck 0.5796886086463928 1 174 171 286
truck 0.579164981842041 361 134 470 210
truck 0.5360348224639893 19 203 132 284
traffic_light 0.9945299029350281 246 39 266 85
traffic_light 0.9944102168083191 150 119 161 144
traffic_light 0.9941117167472839 183 96 203 137
traffic_light 0.993636965751648 241 45 265 110
traffic_light 0.992638349533081 189 114 204 143
traffic_light 0.9918964505195618 194 103 211 142
traffic_light 0.9851863980293274 150 110 164 133
traffic_light 0.9227302670478821 159 115 180 147
traffic_light 0.7711728811264038 137 57 161 89
traffic_light 0.506639301776886 121 59 148 93
traffic_light 0.5015797019004822 213 146 240 164
bench 0.6575446128845215 240 500 470 559
backpack 0.6541118621826172 320 214 338 243
backpack 0.5784280896186829 287 210 304 238
