person 0.994527280330658 210 263 302 373
person 0.9895667433738708 103 259 292 424
person 0.9791150093078613 94 164 202 309
person 0.9552211761474609 281 141 375 216
person 0.9343474507331848 96 167 231 423
person 0.9206403493881226 110 161 168 233
person 0.9046840667724609 217 261 288 325
person 0.9011110663414001 94 311 206 425
person 0.8873076438903809 1 147 173 421
person 0.8719404935836792 364 24 422 56
person 0.8697812557220459 168 402 207 427
person 0.8176321983337402 103 309 195 374
person 0.8065763711929321 78 162 305 361
person 0.7663378119468689 60 328 147 426
person 0.7350002527236938 518 266 559 318
person 0.728672206401825 554 32 640 232
person 0.7221301198005676 497 15 573 258
person 0.713165283203125 66 328 111 420
person 0.6730624437332153 51 383 94 427
person 0.6707792282104492 417 262 479 366
person 0.61723792552948 304 3 612 419
person 0.5764870047569275 30 1 351 335
person 0.5666917562484741 129 318 244 397
person 0.5657438635826111 0 88 49 144
bed 0.8548728823661804 175 364 517 425
bed 0.800711452960968 88 314 523 425
bed 0.7984040975570679 515 11 640 422
bed 0.7319377064704895 397 1 642 422
bed 0.5630915760993958 170 212 508 423
suitcase 0.5963936448097229 101 2 553 422
tv 0.9500137567520142 118 4 471 279
clock 0.9781795740127563 290 263 395 353
chair 0.5277389883995056 215 256 507 423
