bed 0.7947984933853149 0 225 170 422
bed 0.6702094078063965 0 223 639 424
person 0.9810189604759216 598 148 640 252
person 0.9066387414932251 79 194 125 347
person 0.8801101446151733 40 121 86 197
person 0.8589200377464294 35 119 98 251
person 0.8399749398231506 68 179 101 207
person 0.7909923791885376 97 188 122 211
person 0.7801925539970398 94 191 128 248
person 0.7416842579841614 62 180 111 235
person 0.7169018387794495 462 184 504 249
person 0.6881926655769348 48 166 87 220
person 0.6528172492980957 60 195 123 271
person 0.6456384658813477 41 165 116 284
person 0.6210269331932068 242 108 303 148
person 0.5956349968910217 225 222 274 323
person 0.5837134718894958 224 250 261 318
person 0.5189462304115295 533 1 639 254
dining_table 0.7614714503288269 132 396 243 426
laptop 0.9498116374015808 130 145 447 409
laptop 0.7128064632415771 510 260 639 318
keyboard 0.811383843421936 531 288 639 325
keyboard 0.5049043893814087 158 392 389 426
cup 0.8284896016120911 309 124 376 152
book 0.9838817119598389 445 296 521 322
book 0.9785680174827576 445 277 510 299
book 0.9478825330734253 453 315 516 339
book 0.9001021981239319 118 60 156 101
book 0.8446593284606934 7 133 42 203
book 0.8201537728309631 442 254 515 294
book 0.7785434722900391 462 312 529 348
book 0.7756400108337402 0 19 81 90
book 0.7084432244300842 445 207 467 250
book 0.6690211892127991 0 182 53 215
book 0.6547388434410095 39 237 85 287
vase 0.9934747815132141 536 153 574 259
vase 0.8038139343261719 546 141 591 259
umbrella 0.9410245418548584 540 0 640 141
umbrella 0.8616965413093567 124 2 530 136
umbrella 0.7271896600723267 285 50 489 132
chair 0.9488195776939392 540 323 639 386
chair 0.7768440842628479 453 255 638 379
chair 0.7092655301094055 448 314 533 383
chair 0.628390908241272 76 257 116 317
