bird 0.8524296879768372 72 190 106 229
bird 0.7261068820953369 47 188 95 229
bird 0.7135489583015442 73 204 97 227
bird 0.6878147721290588 600 189 639 248
bird 0.6233366131782532 80 190 104 216
bird 0.6214465498924255 0 103 15 125
bird 0.5821951627731323 480 209 510 236
bird 0.5466758012771606 65 82 122 158
bird 0.5053964853286743 315 150 373 246
person 0.7808552980422974 227 7 271 61
elephant 0.9971998929977417 306 85 521 247
elephant 0.9945493340492249 233 90 397 245
elephant 0.9661700129508972 233 94 346 193
elephant 0.9464662671089172 283 84 452 185
elephant 0.8904846906661987 273 90 373 183
elephant 0.871579647064209 343 81 498 182
elephant 0.8556723594665527 311 112 437 248
elephant 0.8282651901245117 392 111 549 244
elephant 0.7992801070213318 233 113 313 220
elephant 0.7798617482185364 300 100 391 229
elephant 0.6936759352684021 270 145 397 245
elephant 0.5998044013977051 481 132 563 239
elephant 0.5649866461753845 367 82 484 110
elephant 0.530504047870636 313 9 505 135
zebra 0.5832076072692871 341 4 484 91
