tie 0.8412179946899414 357 227 406 293
person 0.9947530031204224 0 2 631 476
person 0.8485578894615173 613 87 639 158
person 0.7768052220344543 481 211 595 308
person 0.7432839274406433 494 3 639 470
person 0.6181771755218506 300 117 623 332
person 0.5581873059272766 482 208 639 381
person 0.5328753590583801 545 215 639 331
dining_table 0.9051424860954285 1 446 641 479
dining_table 0.6544635891914368 0 327 639 478
cake 0.9576475024223328 222 204 552 476
cake 0.7292315363883972 0 313 271 478
cake 0.6074306964874268 0 254 639 476
cake 0.5929715633392334 378 0 639 25
