person 0.9125067591667175 409 331 426 376
person 0.759040355682373 405 321 427 430
person 0.5641060471534729 195 450 236 487
person 0.563197910785675 277 340 341 432
car 0.9065335988998413 0 358 70 412
car 0.884426474571228 5 384 93 459
car 0.879054069519043 8 353 92 395
car 0.8267781734466553 303 303 426 445
car 0.8074913024902344 43 366 91 405
car 0.8007428646087646 0 346 64 381
car 0.7972097992897034 31 344 91 384
car 0.6781410574913025 0 364 16 387
car 0.6545007824897766 0 377 425 562
car 0.6174461841583252 327 425 395 453
car 0.5693647265434265 70 345 94 385
car 0.5591446757316589 280 308 426 561
car 0.5528655648231506 0 375 23 445
truck 0.6207159161567688 281 175 426 445
boat 0.90542072057724 260 410 426 583
boat 0.7133922576904297 0 404 427 613
boat 0.6725748181343079 0 70 426 628
boat 0.5652587413787842 268 340 426 499
bottle 0.977493166923523 339 273 360 354
book 0.9575342535972595 96 314 277 601
