bed 0.6661704778671265 21 114 597 356
person 0.9998403787612915 270 0 639 356
person 0.9168792366981506 168 120 266 332
person 0.8965029120445251 444 38 638 356
person 0.8961712121963501 2 136 285 356
person 0.8583625555038452 319 164 483 336
person 0.8447567224502563 0 3 191 345
person 0.7848939299583435 123 4 275 328
person 0.7147185802459717 392 164 562 340
person 0.6880655288696289 297 138 355 243
person 0.5668777823448181 320 199 639 357
person 0.541836678981781 210 112 329 346
person 0.5303580164909363 467 3 639 208
book 0.9699535965919495 254 95 295 191
book 0.9444209933280945 203 88 306 221
book 0.9393557906150818 239 91 341 233
book 0.8606513738632202 253 219 281 257
book 0.817695677280426 249 169 278 227
book 0.8033583760261536 171 70 223 174
book 0.8013669848442078 461 31 492 93
book 0.7820008993148804 315 183 352 244
book 0.7787553668022156 181 84 232 221
book 0.7083255648612976 455 26 498 116
book 0.7062417268753052 259 99 294 148
book 0.6637506484985352 305 73 442 175
book 0.6268965601921082 119 1 209 102
book 0.6141203045845032 256 283 343 358
book 0.5550859570503235 207 154 234 220
book 0.5397783517837524 274 179 353 255
cat 0.5656319260597229 249 143 346 356
