bed 0.6421788334846497 0 12 425 92
bed 0.6309593915939331 0 13 424 633
person 0.964487612247467 209 58 358 512
person 0.9357109069824219 36 19 230 521
person 0.8946719765663147 0 12 113 634
person 0.8420459032058716 0 123 67 443
person 0.823549211025238 97 85 254 353
person 0.7841371297836304 283 116 425 635
person 0.776530921459198 150 212 420 636
person 0.7407045960426331 222 196 299 384
person 0.7232480645179749 391 74 425 170
person 0.6448483467102051 143 238 290 628
person 0.6299338340759277 340 59 424 268
person 0.5913256406784058 127 51 291 524
person 0.5719609260559082 99 85 208 253
person 0.5233272314071655 94 506 196 638
person 0.5175942182540894 64 17 151 191
person 0.5164132714271545 214 90 307 311
person 0.5067460536956787 0 367 105 636
snowboard 0.6489704847335815 183 579 387 639
teddy_bear 0.9274374842643738 1 40 70 151
teddy_bear 0.9198027849197388 177 48 258 162
teddy_bear 0.9049220085144043 162 67 241 209
teddy_bear 0.8908421397209167 248 65 306 129
teddy_bear 0.8839138746261597 350 44 421 163
teddy_bear 0.8110945820808411 0 39 68 255
teddy_bear 0.8049039244651794 126 49 209 162
teddy_bear 0.7844216227531433 77 18 137 119
teddy_bear 0.7589828372001648 212 61 315 242
teddy_bear 0.7311522960662842 235 57 279 97
teddy_bear 0.649139404296875 310 37 382 207
teddy_bear 0.6404374837875366 316 40 359 101
teddy_bear 0.6279800534248352 113 53 235 264
teddy_bear 0.6248690485954285 247 45 330 156
teddy_bear 0.6246770024299622 374 47 425 137
teddy_bear 0.5980564951896667 283 131 349 220
teddy_bear 0.5921485424041748 295 48 350 141
teddy_bear 0.5769233703613281 59 15 158 186
teddy_bear 0.5588422417640686 214 54 392 336
teddy_bear 0.5135248303413391 31 15 161 336
umbrella 0.7609078884124756 154 322 302 587
