person 0.8935555219650269 31 411 66 465
person 0.7337735891342163 70 167 99 192
person 0.6681394577026367 3 0 127 14
person 0.6631932854652405 28 415 333 498
person 0.6421223878860474 153 430 337 498
person 0.6106670498847961 12 396 138 498
person 0.5131112337112427 260 319 334 457
toilet 0.9960301518440247 36 57 307 494
toilet 0.9643058180809021 92 281 270 493
toilet 0.9586066007614136 196 238 333 399
toilet 0.7821323275566101 0 274 3 492
toilet 0.62175452709198 317 173 337 234
toilet 0.6071348786354065 10 27 81 395
toilet 0.5655956268310547 16 265 133 498
toilet 0.5177661180496216 260 253 320 392
sink 0.9982272982597351 73 58 288 149
sink 0.9662432670593262 57 27 305 84
sink 0.9543511271476746 60 144 297 261
sink 0.9180471301078796 81 2 241 25
sink 0.9052154421806335 14 1 331 27
sink 0.8789641261100769 57 56 300 249
sink 0.8443449139595032 141 49 225 123
sink 0.8300193548202515 70 0 233 14
sink 0.610106348991394 15 330 328 499
sink 0.5408504009246826 84 81 314 494
clock 0.598084568977356 32 309 79 375
toothbrush 0.9850912094116211 167 35 184 134
toothbrush 0.554931104183197 259 228 289 256
handbag 0.7714038491249084 250 232 323 385
