potted_plant 0.5803702473640442 51 0 377 447
person 0.866374135017395 156 296 168 310
person 0.7909321784973145 152 292 166 308
person 0.5599223971366882 157 293 179 311
car 0.7523317933082581 238 193 264 234
car 0.6787064075469971 119 261 163 287
car 0.6667710542678833 302 235 328 272
car 0.6572701334953308 206 306 247 328
car 0.6388091444969177 313 285 362 316
car 0.6147657632827759 3 275 109 320
car 0.5905845761299133 335 267 383 305
car 0.561476469039917 5 265 221 329
train 0.756012499332428 534 193 639 335
train 0.6103839874267578 566 200 640 300
traffic_light 0.6903767585754395 539 108 570 201
stop_sign 0.9956465363502502 249 0 349 99
stop_sign 0.8786835074424744 246 0 363 337
stop_sign 0.8440157175064087 0 0 640 451
stop_sign 0.8110702037811279 81 0 364 104
stop_sign 0.7458404898643494 14 1 316 273
bench 0.8695144057273865 550 312 639 337
bench 0.8238241076469421 580 314 632 335
bench 0.7800468802452087 562 284 639 336
cup 0.5837075114250183 541 180 561 216
cat 0.5356583595275879 11 295 36 327
chair 0.6952018737792969 561 263 607 327
