potted_plant 0.9670841693878174 155 132 214 201
potted_plant 0.9260115623474121 13 251 45 301
potted_plant 0.8148213624954224 185 151 220 199
dining_table 0.8280792236328125 327 235 492 299
dining_table 0.6919555068016052 84 194 243 288
bottle 0.6857420206069946 374 135 387 164
bottle 0.6808826923370361 268 144 278 167
bottle 0.507577121257782 364 148 378 164
bench 0.9842454791069031 158 225 286 339
bench 0.7250716090202332 84 200 287 354
bench 0.7177793383598328 168 212 294 290
bench 0.6441398859024048 90 196 222 253
bench 0.5231400728225708 54 235 157 338
bird 0.6314452886581421 175 0 288 80
bird 0.5312411785125732 378 234 405 246
cat 0.5133900046348572 138 189 171 207
book 0.9992781281471252 63 182 73 204
book 0.9991167187690735 92 159 102 185
book 0.9990792274475098 52 184 63 207
book 0.9989734888076782 86 160 97 186
book 0.9986199140548706 42 184 53 209
book 0.9986061453819275 90 164 100 188
book 0.9982244372367859 73 161 86 183
book 0.9981741905212402 99 155 112 182
book 0.9978166818618774 50 124 61 155
book 0.9977313876152039 53 153 66 175
book 0.9975939393043518 63 200 78 225
book 0.9973686933517456 53 162 66 183
book 0.9970967769622803 58 124 71 155
book 0.9969214200973511 77 123 89 154
book 0.9968661665916443 101 188 111 208
book 0.9966995120048523 39 122 51 156
book 0.9964227080345154 42 153 55 176
book 0.9959551095962524 82 122 94 152
book 0.9954239726066589 44 129 57 162
book 0.9953863024711609 52 167 80 188
book 0.9952300786972046 91 125 102 151
book 0.9941501617431641 38 175 54 195
book 0.9931267499923706 49 120 90 158
book 0.9914933443069458 34 122 46 155
book 0.99138343334198 110 148 134 175
book 0.9896116256713867 85 188 99 220
book 0.9873378276824951 99 128 109 152
book 0.9860556125640869 113 171 129 199
book 0.9828640222549438 49 99 66 137
book 0.9799895882606506 106 129 122 152
book 0.9607946872711182 38 90 58 124
book 0.7807103395462036 174 194 208 209
book 0.7660303115844727 88 197 111 221
book 0.7012187838554382 40 214 78 245
book 0.6892573833465576 500 260 554 278
clock 0.6371389627456665 437 0 556 76
vase 0.746990442276001 274 155 284 172
vase 0.6542824506759644 264 161 275 177
chair 0.9417155385017395 432 175 581 250
chair 0.668452262878418 520 245 639 326
chair 0.6297681331634521 575 240 639 313
chair 0.5303770303726196 489 179 613 241
couch 0.9981716871261597 430 175 623 261
couch 0.688654899597168 492 209 639 325
