person 0.9978914856910706 200 461 210 478
person 0.9978063702583313 121 478 129 493
person 0.9977241158485413 161 447 169 458
person 0.9975760579109192 99 444 109 455
person 0.9970607161521912 166 447 174 458
person 0.9966726303100586 157 448 165 460
person 0.9962550401687622 109 443 122 454
person 0.9960194230079651 149 443 159 458
person 0.9956183433532715 124 476 134 493
person 0.9955151677131653 176 448 186 462
person 0.9952777624130249 420 448 441 481
person 0.9948580265045166 393 432 416 468
person 0.9938850998878479 414 409 435 439
person 0.9935891628265381 268 460 283 481
person 0.9934945702552795 265 477 277 493
person 0.9934266805648804 113 460 124 476
person 0.9926195740699768 182 444 192 460
person 0.9923526644706726 132 472 144 490
person 0.9916700124740601 230 444 245 468
person 0.9909045100212097 168 439 178 454
person 0.9903523325920105 442 439 478 486
person 0.9886053204536438 204 461 215 479
person 0.9884796738624573 236 433 252 457
person 0.9883469939231873 253 476 266 492
person 0.9882928729057312 169 447 178 459
person 0.9875822067260742 357 454 383 487
person 0.9872287511825562 296 441 314 472
person 0.9835662245750427 343 435 369 471
person 0.970784604549408 392 472 422 499
person 0.9707766175270081 176 456 189 473
person 0.9638917446136475 17 469 30 491
person 0.9590513110160828 11 468 23 490
person 0.9583261013031006 251 479 268 497
person 0.9547696709632874 428 347 447 372
person 0.9532271027565002 310 356 337 393
person 0.9470176100730896 255 484 277 504
person 0.9407185912132263 308 448 329 476
person 0.9215410947799683 389 422 462 486
person 0.9199323058128357 122 445 148 458
person 0.9104486703872681 317 456 340 480
person 0.9092597961425781 0 469 20 493
person 0.8951960206031799 211 452 246 485
person 0.883918821811676 21 471 40 493
person 0.8710613250732422 104 478 153 498
person 0.8406403660774231 154 411 171 437
person 0.8397619724273682 201 522 216 539
person 0.8338661193847656 178 411 188 426
person 0.8280381560325623 470 322 479 362
person 0.7738448977470398 308 218 323 250
person 0.7702093720436096 0 369 33 469
person 0.7609986066818237 209 474 248 497
person 0.6735754609107971 131 333 156 384
person 0.6672391295433044 307 462 439 511
person 0.6617701053619385 262 259 281 331
person 0.6062474250793457 16 389 77 442
person 0.5950602889060974 292 215 309 248
person 0.5776652693748474 427 467 479 508
person 0.509221613407135 244 360 358 446
clock 0.9998301267623901 392 256 416 283
clock 0.9943259358406067 386 241 423 287
clock 0.9910094738006592 390 189 402 206
clock 0.983128547668457 398 258 412 278
clock 0.9824216961860657 403 259 417 281
clock 0.9814264178276062 387 254 399 275
clock 0.9791481494903564 384 259 397 281
clock 0.9713961482048035 409 217 419 236
clock 0.9333845376968384 394 165 425 227
clock 0.8440315127372742 332 230 442 328
clock 0.8306862115859985 334 243 348 280
clock 0.8259993195533752 326 226 337 251
clock 0.7498146891593933 162 326 195 406
clock 0.7064953446388245 254 264 269 290
clock 0.7033246755599976 271 230 285 265
boat 0.7192875742912292 168 518 286 561
boat 0.5984412431716919 276 158 319 256
boat 0.5435059070587158 46 345 212 455
train 0.9344590306282043 0 436 225 499
train 0.8597896099090576 14 447 340 508
train 0.8226537704467773 0 440 91 498
train 0.6417408585548401 2 470 315 520
train 0.5942720174789429 0 455 60 501
train 0.5761545300483704 130 458 318 506
