bed 0.995262622833252 127 176 447 342
bed 0.9947080612182617 141 177 369 262
bed 0.9934931397438049 23 161 543 422
bed 0.9712867140769958 335 280 639 424
bed 0.9702787399291992 1 261 169 384
bed 0.9436130523681641 4 124 106 268
bed 0.9399580955505371 47 112 146 222
bed 0.9363032579421997 36 292 440 424
bed 0.9321619272232056 371 68 454 252
bed 0.9194005727767944 483 16 640 341
bed 0.9036263227462769 142 232 380 388
bed 0.8843650817871094 65 185 169 240
bed 0.8769758343696594 254 64 374 246
bed 0.8583798408508301 101 121 234 215
bed 0.8557995557785034 451 281 638 374
bed 0.8485665917396545 217 233 444 340
bed 0.8108605146408081 48 206 109 250
bed 0.727196216583252 56 138 119 217
bed 0.7223679423332214 0 118 62 319
bed 0.709662139415741 163 231 362 275
bed 0.6383883357048035 427 280 580 327
bed 0.6368456482887268 0 294 105 366
bed 0.6146126389503479 5 248 107 271
bed 0.5762692093849182 246 148 263 191
bed 0.5724788904190063 392 269 495 328
bed 0.5555359721183777 109 239 277 266
bed 0.5453587174415588 480 282 627 337
bed 0.5397671461105347 105 227 164 267
bed 0.5237537622451782 268 277 447 363
bed 0.507695198059082 210 246 448 424
bed 0.5042712092399597 244 310 416 424
person 0.7830540537834167 297 199 344 237
person 0.5588538646697998 334 193 358 237
toilet 0.7602416276931763 171 332 269 414
tv 0.5892317891120911 453 57 540 115
remote 0.6027757525444031 380 251 442 264
sink 0.8981732130050659 4 290 99 327
sink 0.8091130256652832 6 267 100 307
sink 0.742958128452301 108 246 158 261
sink 0.7352840304374695 11 260 99 292
sink 0.5016108751296997 10 252 105 269
book 0.643692135810852 195 242 271 255
chair 0.8133268356323242 287 262 452 423
chair 0.6173254251480103 349 252 460 340
chair 0.606444239616394 327 359 424 425
