person 0.6589401364326477 190 59 229 186
car 0.9748404026031494 68 44 101 62
car 0.9479104280471802 273 70 313 86
car 0.9395339488983154 50 45 87 63
car 0.9372977614402771 144 46 177 63
car 0.9316455125808716 117 49 152 67
car 0.91975337266922 243 67 286 86
car 0.9148561358451843 323 70 352 84
car 0.8877885341644287 80 40 118 58
car 0.885299801826477 295 70 331 85
car 0.8626137971878052 25 42 53 57
car 0.855956494808197 232 59 266 83
car 0.7882301807403564 340 64 368 87
car 0.7513273358345032 307 61 342 85
car 0.7477381825447083 526 79 559 94
car 0.7075541019439697 487 80 513 94
car 0.703988254070282 438 73 475 87
car 0.6918244957923889 476 77 505 91
car 0.6704071760177612 464 79 500 91
car 0.6356932520866394 362 67 408 89
car 0.6252714395523071 275 60 321 85
car 0.6122650504112244 584 84 619 97
car 0.546072781085968 210 55 238 84
car 0.5340210795402527 453 72 480 87
car 0.5224657654762268 570 85 590 97
car 0.5024860501289368 405 72 448 85
airplane 0.8906501531600952 301 158 637 308
airplane 0.8294033408164978 496 184 617 256
airplane 0.6957098841667175 386 67 481 91
airplane 0.6910571455955505 228 164 411 274
airplane 0.5909525752067566 396 194 555 287
airplane 0.5119310617446899 0 239 640 455
airplane 0.5041330456733704 21 36 92 62
truck 0.7454236745834351 275 39 321 73
truck 0.5999236106872559 200 27 303 71
truck 0.5666053891181946 260 45 320 88
boat 0.939306378364563 0 53 76 121
boat 0.7361803650856018 0 51 48 71
boat 0.5303936004638672 17 52 165 223
traffic_light 0.7588942050933838 190 45 243 196
fire_hydrant 0.8695191740989685 563 276 606 347
bench 0.8295631408691406 468 231 544 285
bench 0.7487294673919678 407 224 441 250
bench 0.7297797203063965 397 219 458 270
bench 0.6241105794906616 571 186 639 214
bench 0.609642505645752 392 215 506 295
bench 0.5473848581314087 64 233 189 377
bench 0.5373241901397705 580 205 639 234
chair 0.6097537279129028 116 56 205 176
chair 0.5277620553970337 64 93 143 137
