person 0.9999927282333374 277 16 468 195
person 0.9860974550247192 276 344 290 378
person 0.9517124891281128 46 345 61 376
person 0.9404125809669495 218 322 231 345
person 0.8045311570167542 39 342 57 376
person 0.7090563774108887 249 343 266 360
person 0.7073531746864319 252 340 265 350
person 0.6820091605186462 359 369 382 390
person 0.6707888245582581 228 328 243 346
person 0.6668537259101868 350 379 376 397
person 0.637837827205658 410 339 431 360
person 0.6068607568740845 345 355 375 378
person 0.5882315635681152 88 364 116 380
person 0.5801106095314026 578 167 606 209
person 0.5615574717521667 217 322 227 340
person 0.5111168026924133 83 323 121 339
car 0.5521408915519714 7 355 50 376
snowboard 0.968812108039856 300 73 447 196
snowboard 0.8064954280853271 360 106 449 195
snowboard 0.6919097304344177 387 158 436 193
snowboard 0.6667137145996094 282 59 392 162
snowboard 0.6568343639373779 352 151 436 195
snowboard 0.5929453372955322 316 106 400 177
sports_ball 0.6676474213600159 587 171 604 181
airplane 0.7195643186569214 2 245 463 396
airplane 0.6342559456825256 2 179 625 419
skateboard 0.9898585677146912 322 172 343 392
skateboard 0.9777504205703735 328 152 349 239
skateboard 0.9527946710586548 330 166 343 186
skateboard 0.8376787304878235 52 366 65 374
skateboard 0.6733382940292358 343 24 451 121
skateboard 0.590853750705719 46 365 60 375
skateboard 0.578468382358551 219 338 233 349
surfboard 0.653375506401062 347 183 640 422
bench 0.8462703227996826 285 345 371 390
bench 0.8173699378967285 6 328 169 377
bench 0.5736821293830872 75 339 156 379
bench 0.5683522820472717 320 367 353 387
bench 0.5049528479576111 0 335 276 381
