person 0.9999921321868896 5 1 265 428
person 0.9773444533348083 56 2 187 330
person 0.9360935688018799 196 221 233 287
person 0.8489784002304077 67 2 373 177
person 0.808272123336792 81 243 274 444
person 0.7964670658111572 369 249 397 292
person 0.7943921685218811 7 45 169 273
person 0.7886353731155396 148 187 319 408
person 0.7809649109840393 0 12 82 328
person 0.7762659192085266 22 0 141 90
person 0.7548430562019348 0 137 144 412
person 0.5889232158660889 341 243 402 298
person 0.5673097968101501 210 293 246 333
car 0.6502535343170166 223 244 253 264
tv 0.5783721804618835 165 189 276 339
skateboard 0.9994205236434937 1 370 247 480
skateboard 0.9941556453704834 56 368 239 444
skateboard 0.9910949468612671 96 389 232 460
skateboard 0.9787333607673645 47 364 181 423
skateboard 0.9677760004997253 146 426 247 486
skateboard 0.9470294713973999 0 343 176 457
skateboard 0.9432068467140198 135 410 239 470
skateboard 0.939093828201294 25 421 213 489
skateboard 0.9291550517082214 267 253 420 322
skateboard 0.9271913766860962 58 326 132 402
skateboard 0.8824775218963623 0 346 60 397
skateboard 0.8780861496925354 0 389 152 497
skateboard 0.7833755016326904 339 237 423 319
skateboard 0.7786054015159607 0 350 429 474
skateboard 0.7025628685951233 152 257 416 340
skateboard 0.6238553524017334 0 233 428 441
skateboard 0.5316231846809387 0 112 75 323
skateboard 0.5119422674179077 0 383 47 448
skateboard 0.505415678024292 333 254 382 289
bench 0.9301907420158386 0 429 213 636
bench 0.9077242016792297 56 344 429 632
bench 0.8198800683021545 169 429 431 592
bench 0.7858342528343201 164 188 416 345
bench 0.6885159015655518 393 235 428 263
bench 0.596653401851654 390 236 428 315
clock 0.53343665599823 102 122 128 153
