bed 0.9892997741699219 280 222 578 387
bed 0.9887685775756836 370 226 637 361
bed 0.9719418883323669 338 309 636 391
bed 0.9456111192703247 280 350 637 425
bed 0.9399710297584534 359 306 575 362
bed 0.9290047287940979 240 -2 613 303
bed 0.8817375898361206 2 0 331 422
bed 0.8701820373535156 439 323 588 363
bed 0.8136307001113892 587 329 639 366
bed 0.768981397151947 476 262 639 283
bed 0.7613458037376404 285 225 381 343
bed 0.667876660823822 450 267 612 346
bed 0.6663720607757568 453 241 629 277
bed 0.6637212038040161 588 280 639 325
bed 0.6359407305717468 573 284 639 352
bed 0.6314135193824768 513 335 639 412
bed 0.607104480266571 0 43 640 423
bed 0.5568596124649048 440 305 591 348
person 0.8958700299263 194 123 275 237
person 0.5835534930229187 84 112 167 210
person 0.5106727480888367 12 146 42 201
tv 0.7689034938812256 45 213 294 421
tv 0.5803719758987427 28 84 177 243
laptop 0.9957946538925171 18 84 191 250
laptop 0.8094421625137329 24 202 298 421
laptop 0.6960214376449585 37 198 272 296
bottle 0.9891160130500793 263 344 293 426
bottle 0.9649368524551392 372 222 409 254
bottle 0.9606941938400269 256 348 286 394
bottle 0.9522439241409302 462 242 518 276
bottle 0.945499837398529 445 236 476 266
bottle 0.9399802088737488 266 4 291 82
bottle 0.9195736050605774 192 383 220 426
bottle 0.9185764193534851 344 232 398 261
bottle 0.9175620079040527 222 378 255 426
bottle 0.8994074463844299 206 368 252 422
bottle 0.8644534349441528 218 354 273 410
bottle 0.7913553714752197 340 229 409 284
bottle 0.7706581950187683 353 265 372 303
bottle 0.759334146976471 13 150 53 232
bottle 0.7384083271026611 221 352 309 426
bottle 0.7338554263114929 320 264 373 327
bottle 0.73208087682724 12 198 41 231
bottle 0.7292150259017944 230 107 251 156
bottle 0.6762470006942749 421 273 479 330
bottle 0.6557995676994324 196 121 226 161
bottle 0.6455301642417908 282 307 331 341
bottle 0.544929563999176 275 385 316 426
bottle 0.514086902141571 0 195 32 230
bottle 0.5040243268013 192 120 238 199
keyboard 0.9561325907707214 30 218 163 248
cell_phone 0.5315800309181213 195 137 213 157
book 0.8026226162910461 349 360 436 426
book 0.7132269144058228 350 382 399 426
book 0.7006630301475525 297 380 347 426
book 0.5273356437683105 288 314 357 349
book 0.5079512596130371 277 330 358 399
