potted_plant 0.5785135626792908 535 67 561 121
suitcase 0.773492693901062 343 273 536 416
suitcase 0.709306538105011 276 315 380 425
suitcase 0.6621029376983643 276 285 462 423
suitcase 0.622417688369751 414 285 546 397
person 0.9999948740005493 166 71 297 418
person 0.7684807777404785 25 317 62 342
person 0.7613291144371033 11 108 552 422
person 0.6440240740776062 520 125 543 189
person 0.6381924152374268 611 159 639 268
person 0.5973799228668213 537 147 554 189
person 0.5878865718841553 408 240 492 314
person 0.5865199565887451 533 123 551 175
person 0.5747155547142029 532 121 543 136
person 0.5152944922447205 413 274 496 314
person 0.5042456388473511 422 349 490 419
skateboard 0.7884569764137268 241 401 295 426
skateboard 0.732636570930481 264 348 301 426
cell_phone 0.6788188219070435 258 99 281 118
bench 0.6163821816444397 531 131 579 182
bench 0.5993869304656982 514 187 557 239
bird 0.5610256791114807 138 244 161 263
umbrella 0.9701085090637207 0 0 637 50
umbrella 0.7846469283103943 23 0 309 30
handbag 0.7979449033737183 355 282 424 324
handbag 0.7706063389778137 354 359 415 426
handbag 0.721960186958313 246 153 279 199
handbag 0.6516627073287964 361 277 448 334
handbag 0.5447973608970642 241 143 274 181
