person 0.9983407258987427 239 176 306 292
person 0.9979566335678101 0 213 15 245
person 0.99661785364151 106 226 148 294
person 0.994432270526886 123 229 146 257
person 0.9941381216049194 0 212 19 282
person 0.9889288544654846 501 183 575 262
person 0.9873839616775513 57 218 77 242
person 0.9864505529403687 500 180 611 287
person 0.985688328742981 217 180 286 235
person 0.985293984413147 48 216 80 245
person 0.9841944575309753 221 185 278 287
person 0.9772507548332214 113 225 138 257
person 0.9669981002807617 257 175 299 247
person 0.9603586792945862 0 207 17 232
person 0.9493065476417542 0 180 22 235
person 0.9402313828468323 439 181 615 340
person 0.929589569568634 0 220 60 328
person 0.9083456993103027 531 203 631 286
person 0.905799388885498 115 223 135 241
person 0.9035108685493469 85 224 157 310
person 0.8859900832176208 249 178 288 223
person 0.8690583109855652 533 183 568 208
person 0.8637533783912659 261 175 287 203
person 0.8208823800086975 506 242 567 303
person 0.8022125959396362 573 205 634 305
person 0.7892013788223267 0 181 22 205
person 0.787997305393219 79 224 249 338
person 0.7863985300064087 506 185 559 226
person 0.770027220249176 495 253 609 333
person 0.7496346235275269 0 198 82 298
person 0.5954518914222717 225 193 250 221
person 0.5938710570335388 195 230 288 292
person 0.5766572952270508 600 205 638 252
person 0.5166341662406921 12 212 86 248
person 0.5094608664512634 0 177 42 306
surfboard 0.710986852645874 269 188 370 241
skateboard 0.9824041128158569 484 255 520 271
skateboard 0.9725872874259949 488 241 522 270
skateboard 0.9648343920707703 203 233 251 265
skateboard 0.932823121547699 0 330 50 346
skateboard 0.9321377873420715 120 270 142 313
skateboard 0.617972731590271 234 230 268 265
skateboard 0.536507785320282 498 220 541 265
skateboard 0.5235138535499573 479 226 549 281
skateboard 0.5211827158927917 464 240 518 271
