potted_plant 0.7669507265090942 366 170 417 242
potted_plant 0.6210445761680603 122 231 182 276
potted_plant 0.533665657043457 361 190 400 235
bed 0.5414014458656311 36 207 253 314
bed 0.5234735012054443 0 191 22 341
bed 0.5159248113632202 33 198 138 355
person 0.5731755495071411 40 181 104 250
car 0.8461172580718994 476 136 548 177
car 0.7176045179367065 313 187 355 207
dining_table 0.7836870551109314 306 272 464 365
dining_table 0.5930467247962952 278 303 641 476
tv 0.6177127361297607 253 91 344 197
bottle 0.5551465153694153 427 279 478 337
book 0.9995660185813904 528 181 541 217
book 0.9995366334915161 534 183 546 217
book 0.9989948868751526 524 182 536 217
book 0.9987102746963501 539 185 550 218
book 0.9937382936477661 515 183 530 212
book 0.9935997724533081 549 186 558 218
book 0.9816252589225769 453 183 482 209
book 0.9799785017967224 512 181 543 224
book 0.9740584492683411 459 179 498 194
book 0.9737284183502197 502 183 525 203
book 0.9692682027816772 537 226 549 253
book 0.9671812653541565 434 192 448 232
book 0.9614415168762207 507 241 544 251
book 0.9612843990325928 445 197 463 227
book 0.9583629965782166 486 183 518 202
book 0.9541172981262207 494 235 540 248
book 0.9435527920722961 541 193 555 246
book 0.9363105893135071 439 164 468 179
book 0.9322377443313599 455 208 482 232
book 0.8883102536201477 453 217 511 242
book 0.6729721426963806 153 268 180 284
book 0.615489661693573 428 244 448 278
book 0.6095291972160339 434 171 490 237
book 0.5959480404853821 456 238 497 256
book 0.5048152804374695 148 253 184 272
teddy_bear 0.7875632047653198 86 220 134 259
chair 0.949891984462738 103 277 291 421
chair 0.8550439476966858 51 277 177 437
chair 0.6916179656982422 119 280 314 357
chair 0.5899522304534912 169 318 325 477
chair 0.5112536549568176 38 187 98 256
couch 0.8466654419898987 151 204 405 317
couch 0.7958918809890747 70 259 340 435
couch 0.747739315032959 99 201 438 416
couch 0.6334275007247925 163 205 323 282
