person 0.9856294989585876 2 0 345 421
person 0.9806622862815857 317 144 325 172
person 0.9754079580307007 609 46 620 59
person 0.9722765684127808 602 45 614 59
person 0.9609348773956299 379 123 397 160
person 0.9604781866073608 369 117 388 151
person 0.9454565048217773 462 101 475 132
person 0.926345705986023 458 109 477 139
person 0.9117041230201721 449 99 467 132
person 0.8543466925621033 433 149 450 169
person 0.8175973296165466 411 119 437 168
person 0.8154791593551636 439 149 458 167
person 0.7807437777519226 0 0 165 420
person 0.7803115844726562 332 136 365 158
person 0.7744711637496948 403 155 423 188
person 0.7611581087112427 243 303 277 361
person 0.7253186702728271 359 150 386 169
person 0.6968263387680054 305 130 327 145
person 0.6959207057952881 452 206 472 230
person 0.662056028842926 309 8 339 169
person 0.6400200128555298 0 149 75 419
person 0.6253529787063599 582 44 639 108
person 0.6058400869369507 267 213 305 253
person 0.5898171663284302 263 222 293 253
person 0.520617663860321 431 202 453 228
person 0.5096791982650757 396 112 426 133
snowboard 0.8395806550979614 345 222 454 302
snowboard 0.8006876111030579 380 265 457 334
snowboard 0.7702438831329346 292 245 357 288
snowboard 0.7054253220558167 386 240 483 312
snowboard 0.6253204941749573 388 225 535 350
snowboard 0.5896450281143188 340 260 397 315
snowboard 0.5860655903816223 225 0 269 35
snowboard 0.5843586921691895 467 213 502 248
snowboard 0.5363051891326904 480 213 510 252
snowboard 0.5292271971702576 263 375 310 425
snowboard 0.5140008926391602 395 221 444 256
snowboard 0.5087429285049438 566 176 626 239
airplane 0.6470189094543457 453 2 632 125
kite 0.5922059416770935 239 0 305 47
sheep 0.5496360063552856 0 1 157 171
