dining_table 0.9305391907691956 0 0 640 477
dining_table 0.819786012172699 0 2 639 238
dining_table 0.8007662892341614 303 0 639 128
dining_table 0.6450582146644592 478 38 640 190
dining_table 0.544329047203064 0 274 174 477
knife 0.7664795517921448 0 138 280 295
bowl 0.9218538999557495 279 0 467 14
bowl 0.9195533394813538 186 0 324 112
bowl 0.6355370283126831 269 0 532 36
bowl 0.5017349123954773 203 0 471 27
sandwich 0.855547308921814 249 72 639 283
sandwich 0.8387007713317871 11 196 494 477
sandwich 0.5487588047981262 48 202 460 366
sandwich 0.5228272676467896 54 147 627 401
cake 0.8071889877319336 435 300 639 477
cake 0.7574859261512756 0 3 145 68
cake 0.7541390061378479 0 0 223 217
cake 0.7439252138137817 -1 104 211 204
cake 0.7372880578041077 560 239 639 340
cake 0.7218158841133118 342 146 621 290
cake 0.6997929215431213 63 332 462 478
cake 0.6969667673110962 212 292 476 387
cake 0.6734617948532104 89 5 200 108
cake 0.6246213316917419 0 79 639 475
cake 0.621016263961792 47 217 466 384
cake 0.6208848357200623 257 77 627 253
cake 0.6151154637336731 456 140 640 272
cake 0.605922520160675 116 49 205 125
cake 0.5927909016609192 22 58 212 164
cake 0.5777973532676697 555 140 639 198
cake 0.5024809837341309 554 247 639 476
