tie 0.5810036659240723 364 199 391 244
person 0.9999152421951294 0 40 189 329
person 0.9988478422164917 347 107 500 328
person 0.9986880421638489 178 92 343 329
person 0.9083783626556396 163 123 255 330
person 0.8033209443092346 344 106 432 217
person 0.7256393432617188 282 53 331 147
person 0.7123476266860962 0 256 49 331
person 0.7101776003837585 0 133 12 328
person 0.6307156682014465 155 145 202 329
person 0.5854148864746094 12 121 76 162
person 0.5619013905525208 192 121 239 171
person 0.5520084500312805 285 163 354 325
tv 0.9501580595970154 321 15 459 87
tv 0.6695905327796936 308 2 498 224
tv 0.5987113118171692 0 1 499 225
cell_phone 0.7080755233764648 60 183 91 207
cup 0.7650611400604248 176 307 204 332
book 0.6776114702224731 442 151 475 164
teddy_bear 0.7588121294975281 259 42 293 71
teddy_bear 0.7337346076965332 240 41 286 86
teddy_bear 0.5244839191436768 206 36 274 86
hair_drier 0.585732638835907 138 121 186 160
donut 0.8815729022026062 143 48 190 91
donut 0.8427157402038574 190 45 232 86
donut 0.8005526661872864 37 43 78 88
donut 0.786529004573822 120 47 162 85
donut 0.774666428565979 122 47 158 68
donut 0.7187618613243103 39 29 69 49
donut 0.6788039803504944 224 59 262 83
donut 0.6246097087860107 12 54 47 87
donut 0.5944943428039551 211 38 257 86
donut 0.5814470052719116 421 52 455 78
donut 0.5705518126487732 456 116 499 148
donut 0.5605824589729309 393 58 424 79
donut 0.5333663821220398 157 51 186 83
donut 0.5107452273368835 0 55 30 86
handbag 0.8385727405548096 354 299 432 331
