bottle 0.7496241927146912 343 56 352 75
bottle 0.6503389477729797 192 110 202 134
microwave 0.7714948058128357 252 83 310 136
microwave 0.7655643820762634 132 58 239 123
microwave 0.7408150434494019 253 91 282 127
oven 0.9835721850395203 150 134 198 192
oven 0.9767172932624817 55 174 111 201
oven 0.7401772141456604 134 135 247 217
oven 0.6230576038360596 67 175 105 189
oven 0.5042771697044373 126 57 304 227
cup 0.8615133166313171 197 118 208 135
cup 0.84759920835495 221 117 234 132
cup 0.8077630400657654 209 147 225 167
cup 0.746820867061615 282 109 299 129
cup 0.6891677975654602 197 104 211 114
cup 0.5509119629859924 186 113 199 137
cup 0.5261332392692566 207 115 228 135
cup 0.5105741024017334 191 113 210 136
sink 0.9982321858406067 177 123 271 136
sink 0.9982215762138367 227 128 288 136
sink 0.9968302845954895 166 138 194 144
sink 0.9953796863555908 254 132 296 138
sink 0.979864239692688 258 128 301 137
sink 0.9688407778739929 172 138 221 152
sink 0.9571145176887512 148 136 176 144
sink 0.9483698010444641 150 131 184 142
sink 0.8623532652854919 196 120 307 151
sink 0.854712724685669 155 141 194 156
sink 0.8484262228012085 40 165 309 229
sink 0.8222787380218506 145 131 167 140
sink 0.7960841059684753 151 133 196 149
sink 0.7492497563362122 202 165 301 229
sink 0.7107072472572327 152 124 189 141
sink 0.693352222442627 180 126 203 137
sink 0.6887441873550415 216 107 288 133
sink 0.6764155626296997 287 127 304 136
sink 0.614339292049408 193 117 235 135
sink 0.6064119935035706 168 130 187 140
sink 0.5651308298110962 26 215 86 230
refrigerator 0.9936932325363159 304 71 351 229
refrigerator 0.9581965208053589 244 77 352 228
refrigerator 0.9232035875320435 127 58 209 194
refrigerator 0.703084409236908 304 73 336 146
refrigerator 0.5753777623176575 0 109 46 224
bowl 0.6193171739578247 136 96 164 114
clock 0.9679985046386719 169 0 227 9
clock 0.9258095026016235 182 0 212 6
chair 0.5638700723648071 242 177 304 229
