person 0.5206752419471741 399 119 464 200
bench 0.8101834654808044 0 248 640 425
bench 0.71046382188797 -3 178 263 424
bench 0.5805956125259399 1 250 182 421
bird 0.7320680618286133 0 42 28 64
bird 0.6975762248039246 0 49 11 65
bird 0.6499879956245422 24 34 70 60
horse 0.999783456325531 179 68 437 422
horse 0.9072898030281067 83 82 284 173
horse 0.8512350916862488 8 8 508 422
horse 0.6877875328063965 114 38 438 197
horse 0.6109301447868347 0 42 9 419
horse 0.5941185355186462 165 38 430 125
horse 0.5504652857780457 0 43 26 422
horse 0.5305473804473877 391 105 612 192
horse 0.5082089900970459 97 137 227 200
umbrella 0.9383417367935181 144 2 642 106
umbrella 0.9335468411445618 0 9 640 162
umbrella 0.8603997826576233 0 3 639 422
umbrella 0.8277103900909424 271 10 640 206
umbrella 0.8199886083602905 32 14 413 122
umbrella 0.6758566498756409 296 25 600 114
umbrella 0.6393542885780334 20 53 242 116
umbrella 0.5937996506690979 25 66 481 239
