person 0.9999574422836304 288 0 320 35
person 0.9997386336326599 321 70 395 165
person 0.9992745518684387 81 0 102 13
person 0.9973076581954956 89 0 109 14
person 0.9970640540122986 161 0 185 17
person 0.9948344230651855 18 0 35 15
person 0.9927680492401123 32 0 47 16
person 0.9903643727302551 64 0 84 13
person 0.9898195862770081 0 0 14 14
person 0.9883283972740173 43 0 63 15
person 0.9880726337432861 180 0 214 18
person 0.9853969216346741 146 0 168 17
person 0.9566879272460938 117 0 141 17
person 0.9206108450889587 129 0 147 19
person 0.9121613502502441 536 0 568 13
person 0.902294933795929 98 0 113 12
person 0.8949536085128784 399 94 473 161
person 0.883464515209198 465 193 549 358
person 0.8441454768180847 495 78 578 163
person 0.8238635063171387 29 2 43 14
person 0.8061100244522095 313 130 393 164
person 0.7726808190345764 38 0 111 16
person 0.7468061447143555 402 225 493 344
person 0.678332507610321 362 0 396 2
person 0.6085067987442017 201 0 427 42
sports_ball 0.9991669654846191 190 84 196 88
sports_ball 0.9958735108375549 287 164 297 170
sports_ball 0.994891881942749 187 84 193 89
sports_ball 0.9884660243988037 333 22 343 31
sports_ball 0.9796779155731201 191 82 198 88
sports_ball 0.9755091667175293 338 22 350 33
sports_ball 0.96275794506073 380 153 395 166
sports_ball 0.8234663605690002 490 183 544 211
sports_ball 0.8121525049209595 290 163 308 170
sports_ball 0.7803565263748169 336 14 352 30
sports_ball 0.7099020481109619 120 168 192 213
sports_ball 0.664838433265686 358 68 371 84
sports_ball 0.6518387794494629 368 89 401 97
sports_ball 0.6242181658744812 539 141 576 161
sports_ball 0.6202671527862549 515 119 563 157
sports_ball 0.6055751442909241 502 90 532 122
sports_ball 0.5255445241928101 345 149 382 163
sports_ball 0.5183440446853638 451 229 531 356
sports_ball 0.5181525945663452 478 155 536 165
sports_ball 0.5129417181015015 497 82 515 102
baseball_bat 0.9768794178962708 365 88 406 98
baseball_glove 0.9975041747093201 426 101 455 127
baseball_glove 0.9917417764663696 396 105 425 122
baseball_glove 0.9505457282066345 399 106 415 120
baseball_glove 0.9396823048591614 349 97 375 119
baseball_glove 0.9258037805557251 403 105 420 118
baseball_glove 0.8385748267173767 426 94 443 108
baseball_glove 0.7646403908729553 345 77 374 113
baseball_glove 0.6972000002861023 399 107 443 129
baseball_glove 0.6583569645881653 429 115 471 153
baseball_glove 0.6388764977455139 406 222 496 278
baseball_glove 0.5903750061988831 437 147 463 161
baseball_glove 0.544326901435852 451 223 491 258
skateboard 0.8878424167633057 289 28 313 35
skateboard 0.7965825200080872 314 150 408 166
tennis_racket 0.5329881906509399 276 1 297 28
