person 0.9977602958679199 227 148 438 475
tv 0.8712500333786011 41 247 236 456
tv 0.8518261909484863 257 20 480 253
tv 0.7789031267166138 263 36 412 150
laptop 0.9092419743537903 286 405 429 479
laptop 0.8133881688117981 32 245 357 477
laptop 0.5661181807518005 209 299 302 428
laptop 0.5144942402839661 36 214 604 470
keyboard 0.9981371164321899 210 375 309 417
keyboard 0.5686436891555786 236 377 291 405
cat 0.7972323298454285 71 71 121 177
cat 0.7337724566459656 10 7 112 189
cat 0.6280051469802856 4 7 96 97
book 0.9995530247688293 591 163 615 228
book 0.999219536781311 522 316 568 409
book 0.9992119073867798 516 0 543 83
book 0.9986485838890076 499 253 593 280
book 0.9986199140548706 505 310 550 406
book 0.99826580286026 602 172 631 230
book 0.9979020357131958 496 0 521 83
book 0.9977868795394897 489 316 520 397
book 0.9976643323898315 544 0 575 84
book 0.9976352453231812 624 171 640 231
book 0.9972236156463623 563 335 597 408
book 0.9970908164978027 576 0 614 85
book 0.9969117045402527 554 0 588 82
book 0.9966705441474915 532 0 559 80
book 0.9964489936828613 503 141 630 172
book 0.9962498545646667 499 304 638 417
book 0.9962196946144104 601 349 639 386
book 0.9962165951728821 502 265 592 293
book 0.9956051707267761 496 298 532 366
book 0.9946197271347046 588 128 634 202
book 0.9940009713172913 508 99 629 142
book 0.9927893280982971 572 173 601 227
book 0.9923073649406433 501 300 603 336
book 0.991331934928894 583 378 639 418
book 0.9908213019371033 498 285 593 320
book 0.9899173378944397 450 0 515 79
book 0.9888723492622375 500 163 573 222
book 0.9852302670478821 599 320 640 353
book 0.9799597263336182 533 276 603 314
book 0.9782167673110962 572 266 634 318
book 0.9751579165458679 603 275 640 317
book 0.9732329249382019 0 269 56 381
book 0.97067791223526 533 420 639 479
book 0.9665061235427856 501 152 639 234
book 0.9132897853851318 593 222 634 258
book 0.8516902327537537 371 0 480 45
book 0.8092564940452576 0 303 29 357
book 0.8085346221923828 82 195 119 258
book 0.8040845990180969 299 126 372 200
book 0.8004558086395264 209 212 255 256
book 0.7350353002548218 124 181 175 260
book 0.72740238904953 0 406 40 445
book 0.6971732974052429 539 198 590 225
book 0.6621236801147461 179 214 219 269
book 0.6253307461738586 0 410 75 476
book 0.5859957933425903 112 186 147 259
book 0.5815972089767456 231 217 262 268
book 0.5222558379173279 50 197 103 253
book 0.5131785273551941 344 136 392 195
book 0.5085933804512024 0 270 79 431
scissors 0.7194145321846008 115 429 184 480
scissors 0.586357831954956 124 451 161 480
teddy_bear 0.5593511462211609 0 0 70 94
chair 0.6852850317955017 78 350 131 465
