potted_plant 0.8715716600418091 316 112 381 209
potted_plant 0.8473052382469177 0 1 133 165
potted_plant 0.7095258831977844 214 92 265 186
potted_plant 0.6674007177352905 156 166 184 187
potted_plant 0.6633487343788147 0 10 80 144
potted_plant 0.649761974811554 327 114 381 155
potted_plant 0.6449622511863708 155 149 185 174
potted_plant 0.6401902437210083 189 124 233 177
potted_plant 0.5531767010688782 161 124 189 156
person 0.9969083666801453 393 71 508 301
person 0.7009398937225342 360 199 405 292
person 0.6923404335975647 379 63 462 338
person 0.6273043155670166 420 51 444 103
person 0.6269292235374451 440 77 520 267
dining_table 0.8498239517211914 2 233 362 423
boat 0.9004052877426147 0 3 639 420
bottle 0.596859872341156 127 272 146 301
bottle 0.5654869675636292 323 174 344 212
bench 0.9921867847442627 498 201 627 345
bench 0.6949146389961243 520 199 609 229
bench 0.5391208529472351 40 318 211 422
bird 0.6083297729492188 243 28 292 89
cup 0.871738851070404 234 259 261 297
cup 0.7510963678359985 151 269 174 301
cup 0.6917869448661804 143 272 163 301
bowl 0.9980725049972534 34 342 97 386
bowl 0.9223912358283997 50 288 135 329
bowl 0.9011751413345337 85 289 131 311
bowl 0.8521621823310852 126 327 165 349
bowl 0.8470696806907654 35 346 85 374
bowl 0.7719976305961609 126 184 165 207
bowl 0.7221834659576416 269 251 322 268
bowl 0.693408191204071 0 286 85 340
bowl 0.6786395907402039 62 69 120 123
bowl 0.654897928237915 257 265 302 281
bowl 0.6227101683616638 200 251 232 283
bowl 0.5392982959747314 161 298 242 346
vase 0.8805849552154541 206 166 249 230
vase 0.8169187903404236 219 127 265 187
vase 0.6097737550735474 294 84 337 130
vase 0.5907915830612183 190 26 239 94
vase 0.5895727276802063 134 10 187 131
vase 0.5134173631668091 360 91 415 145
vase 0.5131694078445435 310 78 349 123
umbrella 0.5179689526557922 255 0 361 39
umbrella 0.5007722973823547 89 1 578 109
chair 0.5545177459716797 505 0 602 102
handbag 0.6357851624488831 443 118 501 189
handbag 0.5455525517463684 397 114 449 176
handbag 0.5037413835525513 431 123 479 180
