tie 0.6510624885559082 171 80 184 101
tie 0.6299924850463867 165 79 179 101
person 0.9999861717224121 77 34 281 296
person 0.9999270439147949 15 0 55 83
person 0.981490969657898 17 0 107 84
person 0.9645127058029175 84 0 106 77
person 0.9443676471710205 297 10 300 253
person 0.9372865557670593 0 0 16 108
person 0.9212799668312073 0 67 0 282
person 0.9135804176330566 227 0 299 2
person 0.9013499617576599 133 36 242 260
person 0.8963317275047302 0 17 1 189
person 0.8948304057121277 262 0 300 4
person 0.8875548243522644 279 0 300 2
person 0.885424017906189 48 0 136 4
person 0.877329409122467 285 0 300 13
person 0.8657743334770203 114 34 267 162
person 0.8571067452430725 115 0 238 2
person 0.8570863008499146 298 99 300 237
person 0.8380639553070068 0 0 299 80
person 0.8352464437484741 0 1 35 78
person 0.8199212551116943 0 0 21 1
person 0.8074163198471069 164 0 291 1
person 0.7939613461494446 0 -1 22 29
person 0.7749990224838257 58 128 145 205
person 0.7167446613311768 0 0 20 3
person 0.6970238089561462 6 0 86 6
person 0.6373773813247681 30 69 54 83
person 0.6244024634361267 0 0 46 3
person 0.6054072976112366 13 126 174 213
kite 0.9901166558265686 1 100 152 189
kite 0.9641434550285339 1 96 286 201
kite 0.7056729793548584 0 2 160 187
kite 0.6237859725952148 4 96 222 286
skateboard 0.6948160529136658 158 178 231 278
skateboard 0.6253353953361511 14 66 55 82
clock 0.5211277008056641 176 178 209 206
handbag 0.9316003322601318 24 0 47 16
handbag 0.8368937373161316 21 0 47 7
handbag 0.6033862829208374 173 171 202 190
handbag 0.5292133092880249 64 136 128 196
