bed 0.99576735496521 292 10 573 315
bed 0.9952163696289062 -1 27 319 416
bed 0.9862446188926697 148 49 357 299
bed 0.9801608920097351 0 5 639 405
bed 0.9756548404693604 411 73 476 336
bed 0.9694030284881592 4 199 471 419
bed 0.9659560918807983 2 256 302 392
bed 0.9593613743782043 175 48 275 297
bed 0.9550967216491699 407 167 638 410
bed 0.9288733601570129 434 151 595 285
bed 0.9199075102806091 398 63 445 272
bed 0.9000640511512756 439 341 638 425
bed 0.8776220083236694 278 150 394 303
bed 0.8646594882011414 323 235 468 376
bed 0.8377028703689575 462 80 509 259
bed 0.8091892600059509 0 207 186 393
bed 0.8065119385719299 271 296 409 424
bed 0.8043714165687561 430 82 471 261
bed 0.7636447548866272 405 376 519 426
bed 0.7632554769515991 300 236 408 302
bed 0.7624759078025818 453 266 628 395
bed 0.7601492404937744 229 277 355 373
bed 0.7454857230186462 293 296 374 389
bed 0.7302073836326599 522 243 639 368
bed 0.6893082857131958 0 211 123 297
bed 0.644041895866394 107 400 277 426
bed 0.6265289783477783 281 249 371 304
bed 0.6263459324836731 517 132 578 269
bed 0.5967960953712463 328 234 411 278
bed 0.5647683143615723 82 276 344 423
bed 0.5157449245452881 385 283 563 400
book 0.5967513918876648 553 355 628 386
chair 0.5545914769172668 526 180 612 282
chair 0.5170792937278748 550 305 639 367
chair 0.5003470778465271 0 211 124 295
