tie 0.9365560412406921 96 162 409 630
tie 0.7036713361740112 184 322 480 635
tie 0.6255517601966858 361 416 466 609
tie 0.6036238670349121 190 427 429 596
tie 0.5657550096511841 191 335 408 443
person 0.9511757493019104 0 2 479 633
person 0.8776901364326477 0 265 30 418
person 0.7938849925994873 0 238 55 453
person 0.7877364754676819 0 268 18 344
person 0.7157072424888611 0 32 26 427
person 0.531946063041687 0 43 13 347
person 0.5124870538711548 0 305 28 632
person 0.5028563737869263 295 297 326 328
car 0.7291314005851746 298 307 368 339
car 0.6345816850662231 431 316 479 368
car 0.6265227198600769 329 313 375 340
car 0.5760916471481323 456 297 479 334
car 0.5158234238624573 406 267 479 338
scissors 0.8686798810958862 167 154 356 262
umbrella 0.847235918045044 154 311 478 525
umbrella 0.721303403377533 351 327 479 477
umbrella 0.537545919418335 5 5 468 518
umbrella 0.504727303981781 0 42 20 113
