person 0.9042965173721313 232 197 303 357
person 0.7373102903366089 559 0 623 59
person 0.6719037890434265 252 204 288 258
person 0.660346508026123 263 207 288 246
person 0.6595029234886169 431 145 460 206
person 0.5596058964729309 28 76 71 176
person 0.5502499938011169 269 194 306 338
toilet 0.9999347925186157 409 268 498 427
toilet 0.9991911053657532 396 198 533 495
toilet 0.9860222339630127 6 374 100 508
toilet 0.9833800196647644 1 203 170 507
toilet 0.967769205570221 19 315 151 508
toilet 0.8569116592407227 0 65 69 211
toilet 0.8470679521560669 171 8 491 429
toilet 0.831017792224884 0 56 78 396
toilet 0.652194082736969 426 385 481 486
toilet 0.6387099027633667 339 360 492 416
toilet 0.6327794194221497 2 214 124 380
toilet 0.6216126680374146 579 327 639 508
toilet 0.616223931312561 140 109 320 507
toilet 0.5726218223571777 0 98 53 177
toilet 0.532794177532196 190 222 230 330
bottle 0.745001494884491 576 288 614 362
bottle 0.64339679479599 246 0 262 21
bottle 0.5901035666465759 438 188 460 226
cup 0.9128671288490295 416 206 460 240
cup 0.8128424286842346 576 322 600 356
cup 0.7709137201309204 435 416 479 484
cup 0.7141748070716858 587 315 608 353
cup 0.5824375748634338 585 288 619 333
sink 0.9919953346252441 229 0 344 23
sink 0.9863563776016235 91 387 598 507
sink 0.9856709837913513 43 315 144 380
sink 0.9800777435302734 169 353 322 454
sink 0.8737950325012207 616 394 639 509
sink 0.873555064201355 116 12 613 510
sink 0.8041278123855591 127 444 319 510
sink 0.6742055416107178 392 361 483 486
toothbrush 0.9863605499267578 167 332 248 411
toothbrush 0.9711158871650696 154 449 214 511
toothbrush 0.9127513766288757 595 343 631 369
toothbrush 0.8744417428970337 614 336 639 368
toothbrush 0.8522416949272156 623 336 639 361
toothbrush 0.6109256744384766 206 216 253 239
toothbrush 0.5044879913330078 196 157 224 229
umbrella 0.6973528265953064 99 192 196 478
