person 0.5021293759346008 57 104 258 369
tv 0.7521415948867798 0 0 112 138
tv 0.6951152086257935 319 0 498 158
bottle 0.7507215738296509 293 57 316 133
bottle 0.6001911163330078 273 22 321 140
bottle 0.5818771123886108 301 10 321 47
bottle 0.5488371849060059 281 2 309 47
bottle 0.522483229637146 294 9 318 75
microwave 0.8375847935676575 353 207 499 324
microwave 0.510212779045105 210 52 334 139
cup 0.7708723545074463 290 85 324 141
cup 0.627285897731781 51 103 76 130
cup 0.6002349257469177 284 1 318 49
cup 0.5074490904808044 108 28 136 106
oven 0.5645318031311035 27 135 491 369
cat 0.9435006976127625 206 71 333 372
refrigerator 0.9754524230957031 0 1 150 370
refrigerator 0.8179959058761597 184 8 451 340
refrigerator 0.7232072353363037 3 1 496 369
refrigerator 0.6827011108398438 224 45 333 360
refrigerator 0.5346677899360657 354 327 499 374
sink 0.6109421253204346 2 295 102 373
book 0.8390528559684753 237 94 327 148
book 0.7899175882339478 220 131 345 190
book 0.7213202118873596 241 131 340 157
book 0.6981242895126343 274 137 338 185
book 0.6224212050437927 197 53 249 83
