potted_plant 0.5641866326332092 220 1 426 159
person 0.8622248768806458 258 184 273 201
person 0.820297360420227 439 173 462 219
person 0.8104842901229858 451 162 471 196
person 0.8002548813819885 223 183 247 196
person 0.7153128981590271 424 207 447 232
person 0.6874350905418396 418 185 448 227
person 0.6711501479148865 238 181 251 195
person 0.6084691286087036 413 169 433 197
person 0.5811907052993774 124 162 154 194
person 0.5763781666755676 426 165 510 317
person 0.5732645392417908 428 194 456 228
person 0.5129608511924744 242 180 259 196
person 0.5009928941726685 228 182 264 197
boat 0.7769049406051636 286 112 360 213
boat 0.5883174538612366 130 88 199 164
boat 0.5327338576316833 120 25 207 189
bird 0.9988024234771729 551 360 570 371
bird 0.9984002709388733 545 357 566 369
bird 0.9981556534767151 536 355 562 370
bird 0.9974212646484375 381 374 417 392
bird 0.9967626333236694 620 337 638 350
bird 0.9950639605522156 410 338 430 355
bird 0.9948846697807312 87 383 105 393
bird 0.9922587275505066 472 335 503 365
bird 0.986771285533905 509 350 552 369
bird 0.9552448987960815 38 337 89 366
bird 0.9305036664009094 454 320 513 340
bird 0.925567626953125 452 318 528 365
bird 0.7731529474258423 514 308 548 332
bird 0.6310127973556519 400 318 517 352
bird 0.5662832260131836 130 31 183 127
bird 0.5593493580818176 103 329 230 386
bowl 0.9664371609687805 239 332 275 349
bowl 0.7038571834564209 232 326 328 349
bowl 0.5345645546913147 240 327 291 348
horse 0.7192310690879822 106 248 437 389
cow 0.9586355090141296 332 311 409 356
cow 0.7622379660606384 101 254 290 390
cow 0.7025126218795776 200 219 268 262
cow 0.6030009984970093 260 312 422 361
cow 0.5107364058494568 330 262 446 360
umbrella 0.730827271938324 37 3 490 347
umbrella 0.7277259826660156 129 22 286 348
umbrella 0.566246509552002 228 67 347 346
umbrella 0.527457594871521 218 2 413 267
