bird 0.984430730342865 81 96 101 163
bird 0.890312671661377 366 251 420 350
bird 0.7850131392478943 1 87 80 182
bird 0.6949756145477295 5 77 137 202
bird 0.5934703350067139 311 248 471 354
bird 0.5115329623222351 364 251 386 284
person 0.9215859770774841 445 311 488 353
person 0.7300164699554443 226 232 287 305
person 0.5274018049240112 256 257 308 300
potted_plant 0.8647254109382629 0 8 640 472
potted_plant 0.8376330733299255 415 22 638 219
potted_plant 0.6667526364326477 281 11 638 277
umbrella 0.9973441958427429 207 206 335 308
umbrella 0.9794638156890869 412 254 532 344
umbrella 0.9370720386505127 295 293 372 353
umbrella 0.9019408226013184 430 255 532 304
umbrella 0.8971676230430603 206 204 426 352
umbrella 0.8910750150680542 292 250 398 350
umbrella 0.8399608135223389 223 207 325 258
umbrella 0.7841318249702454 310 245 383 307
umbrella 0.7138305902481079 336 249 386 338
umbrella 0.6591423749923706 340 246 397 282
umbrella 0.6470850706100464 208 215 252 300
umbrella 0.5609452128410339 366 250 385 272
