person 0.999584972858429 316 127 409 312
person 0.9959702491760254 10 124 17 133
person 0.9952180981636047 392 149 401 157
person 0.9948539137840271 397 148 407 157
person 0.9919459223747253 72 128 80 136
person 0.989095151424408 400 149 411 157
person 0.9866197109222412 58 124 68 134
person 0.9824513792991638 30 116 37 127
person 0.9815840125083923 183 125 191 136
person 0.977607011795044 168 120 174 135
person 0.9760413765907288 322 227 381 310
person 0.9734530448913574 37 117 44 126
person 0.9696937203407288 206 137 218 147
person 0.9692999720573425 1 120 11 132
person 0.9663363099098206 233 140 241 148
person 0.9656249284744263 156 119 162 135
person 0.9633510708808899 228 141 236 149
person 0.9613122940063477 150 118 157 134
person 0.9603896737098694 240 140 248 148
person 0.9599330425262451 5 126 15 136
person 0.956559419631958 145 118 152 134
person 0.9563034772872925 28 121 37 133
person 0.9474849104881287 242 140 251 148
person 0.9418054819107056 480 167 490 176
person 0.9408999085426331 381 148 397 157
person 0.9386311769485474 484 168 493 177
person 0.9372357726097107 148 119 152 128
person 0.9345954060554504 153 118 158 127
person 0.9271607398986816 426 145 450 158
person 0.9178219437599182 173 124 183 138
person 0.913048267364502 0 114 5 125
person 0.8948535919189453 220 139 238 152
person 0.8839853405952454 10 125 22 135
person 0.8783754706382751 0 112 8 125
person 0.871286153793335 47 121 58 132
person 0.8697105646133423 192 126 201 135
person 0.8340566158294678 160 126 173 138
person 0.8289068937301636 387 139 403 152
person 0.825774073600769 206 143 238 152
person 0.7532508969306946 197 144 216 152
person 0.7287813425064087 323 256 368 295
person 0.7280482053756714 0 110 15 131
person 0.7138397097587585 227 138 250 151
person 0.687475323677063 174 133 195 142
person 0.6695334315299988 444 287 499 320
person 0.6373763084411621 163 123 177 138
person 0.5964495539665222 0 104 4 116
person 0.5636662840843201 324 185 347 204
person 0.5605089068412781 327 195 380 239
person 0.542043924331665 342 238 386 290
person 0.540446937084198 195 141 243 154
person 0.5235329866409302 311 191 352 224
snowboard 0.9682400226593018 257 293 434 319
snowboard 0.9032384157180786 338 301 434 319
snowboard 0.8227956891059875 239 290 360 314
snowboard 0.6632192134857178 254 290 325 309
kite 0.9225857257843018 187 36 265 146
kite 0.7823120951652527 198 139 254 154
kite 0.5450947880744934 124 24 443 301
truck 0.7677150964736938 195 126 210 136
surfboard 0.6082301735877991 340 173 405 224
