person 0.9999879598617554 42 2 380 313
person 0.993922233581543 344 125 386 184
person 0.9794477820396423 329 122 412 188
person 0.9787895083427429 362 132 417 188
person 0.971092164516449 0 14 10 179
person 0.9630311727523804 444 26 450 213
person 0.9572005867958069 356 23 443 183
person 0.9534383416175842 389 141 434 188
person 0.950254499912262 311 123 379 186
person 0.9289658665657043 0 103 53 177
person 0.9278483986854553 54 116 115 178
person 0.9053789973258972 401 2 449 75
person 0.9040130972862244 109 65 175 153
person 0.8703318238258362 413 134 449 191
person 0.8640110492706299 0 68 17 182
person 0.8006336092948914 0 105 4 180
person 0.7801982164382935 119 116 172 165
person 0.775285005569458 63 54 278 269
person 0.7705278396606445 63 0 122 49
person 0.7295128107070923 379 35 434 74
person 0.6861278414726257 55 98 172 180
person 0.6335864067077637 364 38 407 77
person 0.6069017648696899 29 19 72 63
person 0.5669180154800415 0 21 1 74
snowboard 0.61627596616745 30 293 377 318
sports_ball 0.9676616787910461 285 112 307 135
sports_ball 0.961044430732727 190 9 218 29
sports_ball 0.9289522767066956 427 172 449 194
sports_ball 0.8191037178039551 265 38 299 62
sports_ball 0.8122509121894836 116 65 134 80
sports_ball 0.8100659251213074 245 0 306 4
sports_ball 0.7385746240615845 406 156 449 191
sports_ball 0.7242670655250549 171 0 214 16
sports_ball 0.7065700888633728 284 82 312 132
sports_ball 0.6964725255966187 426 149 449 195
sports_ball 0.69230055809021 0 144 7 177
sports_ball 0.6140235662460327 254 21 293 47
sports_ball 0.6038639545440674 249 34 299 72
sports_ball 0.5841144323348999 0 133 37 178
sports_ball 0.5759249925613403 10 46 50 76
sports_ball 0.5108054280281067 166 195 278 241
sports_ball 0.5088148713111877 132 61 170 89
baseball_bat 0.9758732318878174 113 35 312 97
baseball_bat 0.9252423644065857 120 62 202 85
baseball_bat 0.9166869521141052 111 60 297 123
baseball_bat 0.9062769412994385 259 35 315 136
baseball_bat 0.8903698325157166 282 63 313 136
skateboard 0.9606634974479675 276 305 383 319
skateboard 0.8444313406944275 202 315 422 319
skateboard 0.7647283673286438 293 312 426 319
skateboard 0.7228302955627441 39 282 149 298
skateboard 0.6288527846336365 68 311 406 319
skateboard 0.6165640950202942 327 316 426 319
skateboard 0.6092967987060547 38 273 78 292
