person 0.7956655025482178 278 45 310 116
person 0.5268968343734741 286 46 378 181
person 0.5263398289680481 290 73 334 166
dining_table 0.5255836248397827 0 160 500 311
cup 0.7019446492195129 423 150 461 175
cup 0.50137859582901 54 252 89 289
bowl 0.7868521809577942 73 60 135 128
bowl 0.6743237376213074 79 146 155 217
vase 0.9935815334320068 276 243 320 312
vase 0.992438793182373 314 238 371 312
vase 0.9905261993408203 146 206 206 292
vase 0.9860666394233704 196 214 230 298
vase 0.9799686670303345 344 253 419 312
vase 0.9770207405090332 214 17 485 311
vase 0.9707258343696594 277 173 343 259
vase 0.9696022868156433 333 166 400 256
vase 0.9685987830162048 230 187 292 310
vase 0.9629829525947571 378 251 434 312
vase 0.9603247046470642 278 184 352 311
vase 0.955001711845398 408 171 476 306
vase 0.9268190860748291 73 221 113 292
vase 0.9181586503982544 438 235 491 311
vase 0.9081287980079651 109 60 247 285
vase 0.8802182674407959 242 262 289 312
vase 0.8674576878547668 20 234 50 296
vase 0.8624159693717957 40 228 76 292
vase 0.8557055592536926 413 284 471 312
vase 0.8414645195007324 128 220 189 290
vase 0.838382363319397 445 292 494 312
vase 0.8302823305130005 242 237 289 294
vase 0.8042556047439575 240 23 413 226
vase 0.7719290852546692 451 194 500 312
vase 0.7636737823486328 57 226 85 274
vase 0.7516393065452576 290 229 392 312
vase 0.7466546297073364 401 163 458 241
vase 0.7109463214874268 104 232 141 292
vase 0.6713336706161499 180 306 256 312
vase 0.6687467694282532 337 131 400 216
vase 0.6520915031433105 234 29 282 166
vase 0.6413627862930298 397 236 435 262
vase 0.6400291323661804 392 136 420 190
vase 0.6285071969032288 437 169 499 252
vase 0.5909658074378967 366 133 400 186
vase 0.5749222040176392 365 244 422 269
