person 0.9999643564224243 54 39 227 362
person 0.9999535083770752 246 66 468 413
person 0.9999455213546753 411 13 532 274
person 0.9945356845855713 491 85 514 137
person 0.9935831427574158 503 80 525 135
person 0.9864415526390076 484 62 517 142
person 0.9847944378852844 492 22 542 141
person 0.98110032081604 204 90 214 116
person 0.9727478623390198 124 14 544 409
person 0.9649173021316528 43 39 182 255
person 0.9487200975418091 487 88 505 135
person 0.9204732775688171 94 43 180 178
person 0.9121403098106384 215 91 226 111
person 0.8770503997802734 93 208 232 363
person 0.8589733839035034 442 76 500 262
person 0.8204295039176941 517 78 538 130
person 0.7847486138343811 139 209 211 322
person 0.7781317234039307 518 80 536 102
person 0.7679982781410217 135 65 183 176
person 0.7676207423210144 430 86 444 122
person 0.7306724786758423 60 100 74 115
person 0.7142356634140015 50 100 66 114
person 0.7023654580116272 541 79 562 99
person 0.6639874577522278 586 76 603 95
person 0.6569554209709167 415 121 473 282
person 0.6507839560508728 268 67 300 112
person 0.6333490610122681 260 92 279 111
person 0.6248409748077393 22 91 49 117
person 0.6082388162612915 249 90 269 111
person 0.6070930361747742 185 93 202 111
person 0.584107518196106 265 59 294 96
person 0.5570282936096191 574 80 591 100
person 0.51067054271698 0 96 24 115
person 0.5010554194450378 214 64 231 105
sports_ball 0.9641899466514587 166 321 217 365
sports_ball 0.9364281892776489 176 211 207 232
sports_ball 0.8734070062637329 306 165 340 192
sports_ball 0.7945414185523987 157 161 186 178
sports_ball 0.7289172410964966 430 31 501 86
sports_ball 0.6752423048019409 100 49 143 103
sports_ball 0.6002683639526367 150 145 181 172
sports_ball 0.5900701880455017 72 166 119 211
sports_ball 0.5811060667037964 37 2 125 63
sports_ball 0.565559446811676 359 362 478 419
sports_ball 0.531439483165741 258 168 332 237
bus 0.5474500060081482 265 58 328 112
skateboard 0.9848057627677917 307 358 436 414
skateboard 0.8845693469047546 321 355 378 404
skateboard 0.5775113701820374 162 319 412 402
skateboard 0.5399505496025085 433 197 466 287
traffic_light 0.8220802545547485 217 59 238 73
tennis_racket 0.732437789440155 173 211 213 229
tennis_racket 0.6847698092460632 427 178 474 288
tennis_racket 0.6518625617027283 496 24 552 103
tennis_racket 0.6221001148223877 501 21 545 63
tennis_racket 0.6155165433883667 259 148 352 234
tennis_racket 0.6082835793495178 180 215 215 226
bench 0.943607747554779 592 61 639 86
bench 0.9362442493438721 593 61 639 112
bench 0.9249177575111389 597 80 639 107
bench 0.8248593211174011 303 93 345 107
bench 0.7127906084060669 268 95 305 109
bench 0.6977014541625977 247 82 307 112
bench 0.6787779331207275 284 85 341 110
