bed 0.9879570603370667 0 26 499 373
bed 0.8695127964019775 27 234 457 372
bed 0.8552746176719666 393 108 499 372
bed 0.8099952936172485 0 25 499 172
bed 0.8079947829246521 325 24 499 215
bed 0.7557907700538635 202 19 502 301
bed 0.7162752151489258 384 88 499 224
bed 0.5856990814208984 16 75 267 372
bed 0.5449475646018982 460 3 499 206
book 0.9805924892425537 308 68 401 110
book 0.9665324091911316 304 77 390 126
book 0.9246335029602051 291 70 432 142
book 0.7944523692131042 131 114 211 160
book 0.7846525311470032 219 64 454 184
book 0.778181791305542 354 4 452 43
book 0.7312567234039307 139 115 200 142
book 0.7272886037826538 407 0 499 14
book 0.7210654020309448 372 89 500 162
book 0.6782549619674683 443 0 499 34
book 0.6616137027740479 378 0 462 30
book 0.6313726902008057 480 0 500 77
book 0.6183163523674011 474 141 500 209
book 0.5887619853019714 104 119 222 263
book 0.577370285987854 367 0 498 55
book 0.5300189852714539 136 135 205 235
book 0.5204179286956787 460 0 499 93
cat 0.9992761015892029 185 96 499 311
cat 0.9866368174552917 187 98 324 259
