person 0.999975323677063 135 35 389 412
person 0.9991835951805115 1 0 158 159
person 0.9927178621292114 114 31 578 323
person 0.9889299273490906 0 8 71 107
person 0.984384298324585 109 0 139 21
person 0.9802844524383545 160 69 321 294
person 0.9588223099708557 619 162 640 203
person 0.9375192523002625 512 191 545 221
person 0.9339732527732849 111 0 302 28
person 0.9173175096511841 536 190 602 251
person 0.9162434935569763 477 158 625 239
person 0.9143549799919128 548 180 596 218
person 0.8862230181694031 535 143 639 225
person 0.8661646246910095 112 0 164 23
person 0.8229905962944031 49 0 146 52
person 0.7964110374450684 163 69 338 187
person 0.7433595657348633 176 319 297 415
person 0.7062705159187317 1 307 182 424
person 0.6520288586616516 312 196 525 320
person 0.5786988735198975 224 200 315 401
person 0.5173839926719666 388 151 635 291
person 0.5018115043640137 299 267 349 326
snowboard 0.9949138164520264 174 143 642 416
snowboard 0.9038727283477783 301 142 639 323
snowboard 0.7281785607337952 136 188 403 417
snowboard 0.6013879179954529 4 140 463 425
clock 0.8899955749511719 235 46 281 89
clock 0.6699097752571106 240 209 366 305
clock 0.6036893129348755 234 45 319 108
skateboard 0.9515107274055481 199 249 355 416
skateboard 0.9121760129928589 214 280 292 404
skateboard 0.8780973553657532 226 229 333 371
skateboard 0.7903112769126892 161 273 303 412
skateboard 0.5968478322029114 0 246 345 424
