tie 0.9691276550292969 161 129 174 162
tie 0.9489883184432983 203 120 235 176
tie 0.9306520223617554 190 122 214 163
tie 0.9046791195869446 183 131 206 169
tie 0.8364731073379517 171 133 194 186
tie 0.8162036538124084 157 116 179 201
tie 0.7832899689674377 157 130 169 159
person 0.999982476234436 151 76 248 300
person 0.9931000471115112 379 85 395 112
person 0.9929177761077881 99 95 233 345
person 0.981353759765625 373 84 388 111
person 0.9744686484336853 384 92 396 113
person 0.9736301898956299 426 87 441 108
person 0.9693611264228821 505 70 537 103
person 0.9318175315856934 455 134 471 155
person 0.9262972474098206 460 131 477 154
person 0.9248196482658386 241 87 271 121
person 0.9157367944717407 496 47 524 90
person 0.8977154493331909 283 140 310 191
person 0.8874538540840149 452 102 475 147
person 0.8766857385635376 603 74 614 93
person 0.8678256273269653 242 168 304 284
person 0.8673900365829468 439 80 467 115
person 0.8665780425071716 278 127 300 144
person 0.8237239122390747 263 171 304 233
person 0.7982681393623352 175 78 295 208
person 0.7973445653915405 543 56 555 78
person 0.780512273311615 539 56 556 95
person 0.7482314705848694 184 93 262 189
person 0.7045975923538208 587 72 610 96
person 0.7014644145965576 402 0 457 13
person 0.659778892993927 488 92 538 136
person 0.6154657006263733 190 144 233 266
person 0.6055710911750793 215 83 253 123
person 0.5760178565979004 50 185 276 341
person 0.526098906993866 231 118 250 151
person 0.5083914399147034 320 0 360 11
skateboard 0.9318710565567017 220 231 259 278
skateboard 0.8985836505889893 219 158 304 201
skateboard 0.8536703586578369 112 293 188 344
skateboard 0.8512220978736877 221 209 251 238
skateboard 0.8320087790489197 24 291 168 337
skateboard 0.8203701376914978 224 173 264 199
skateboard 0.7637226581573486 213 197 247 253
skateboard 0.7568646669387817 388 321 513 364
skateboard 0.6271777153015137 250 294 293 333
skateboard 0.6030382513999939 222 188 297 270
skateboard 0.5530337691307068 120 285 232 345
skateboard 0.5279702544212341 219 166 294 240
skateboard 0.5068172216415405 0 293 109 329
skateboard 0.5013877153396606 426 325 450 355
cell_phone 0.8824278712272644 204 94 235 121
bench 0.9993855953216553 288 221 636 289
bench 0.9933626651763916 0 227 639 312
bench 0.9522480368614197 270 234 637 420
bench 0.7909751534461975 2 195 251 272
bench 0.5422686338424683 295 0 502 52
bird 0.8504378795623779 521 325 538 351
cat 0.6395878195762634 403 324 445 393
handbag 0.8795210719108582 280 179 307 232
