toilet 0.9532111287117004 163 19 484 389
toilet 0.9453685879707336 215 1 429 185
toilet 0.920584499835968 0 0 242 316
toilet 0.886708676815033 416 36 581 224
toilet 0.7896122932434082 455 5 618 190
toilet 0.7602202892303467 511 82 636 234
toilet 0.5504420399665833 89 0 299 144
toilet 0.5324150323867798 336 24 561 250
toilet 0.5129215717315674 173 0 471 83
cup 0.974741518497467 354 77 461 193
cup 0.9636343121528625 459 65 535 145
cup 0.9375184178352356 296 52 405 190
cup 0.8941560387611389 527 78 618 155
cup 0.8778558373451233 552 96 629 184
cup 0.7823377847671509 609 97 639 155
cup 0.7727881669998169 408 15 507 121
cup 0.757628321647644 583 82 639 175
cup 0.7534290552139282 451 0 545 56
cup 0.7518303394317627 248 20 395 180
cup 0.692703902721405 497 86 636 176
cup 0.6651933193206787 414 124 476 173
cup 0.6481329798698425 392 1 475 92
cup 0.6461268663406372 523 172 588 230
cup 0.5682982802391052 327 20 479 194
cup 0.5057395696640015 498 166 579 219
sink 0.8502888679504395 10 0 232 62
sink 0.78890061378479 288 6 399 64
sink 0.7888785004615784 23 249 323 421
sink 0.788363516330719 0 1 639 419
sink 0.7207733988761902 177 206 405 376
sink 0.7185120582580566 229 0 407 50
sink 0.6881938576698303 101 183 506 396
scissors 0.942249596118927 398 137 556 247
scissors 0.9353659749031067 295 175 535 279
scissors 0.8583646416664124 186 147 416 303
scissors 0.6744242906570435 325 325 441 380
scissors 0.5826817154884338 253 175 445 290
scissors 0.5589892268180847 87 235 399 396
toothbrush 0.591227114200592 577 152 639 196
toothbrush 0.5904028415679932 468 134 591 199
chair 0.7119107842445374 0 309 92 424
