suitcase 0.961132287979126 329 69 385 121
suitcase 0.9510194659233093 158 140 258 212
suitcase 0.9421942830085754 260 20 297 46
suitcase 0.929968535900116 152 179 260 237
suitcase 0.8811248540878296 164 113 252 152
suitcase 0.8801304697990417 163 85 244 120
suitcase 0.7283257842063904 169 64 232 93
suitcase 0.7274802327156067 160 125 246 174
suitcase 0.6916243433952332 156 55 239 101
suitcase 0.6875292658805847 254 4 300 50
suitcase 0.6696128249168396 153 75 248 144
suitcase 0.6120944023132324 339 10 385 50
suitcase 0.5230706930160522 257 0 305 25
person 0.9033232927322388 230 148 247 166
person 0.8698332905769348 280 139 307 161
person 0.6714849472045898 181 104 244 146
person 0.632330596446991 113 0 139 18
person 0.5872904062271118 185 4 217 68
person 0.5607606768608093 396 140 426 170
car 0.8948550820350647 0 84 42 223
car 0.7516878843307495 12 14 181 322
car 0.6698916554450989 0 -6 427 595
car 0.6401899456977844 259 0 308 12
car 0.555228590965271 57 0 135 12
car 0.5007343888282776 146 1 209 48
bus 0.6877260804176331 0 0 170 72
bus 0.5586487650871277 148 38 244 174
bus 0.5323455929756165 371 0 427 36
truck 0.61673903465271 145 92 261 241
parking_meter 0.5378791093826294 299 328 335 395
