person 0.999638557434082 128 195 212 312
person 0.9820705652236938 41 166 81 301
person 0.9752001166343689 251 172 273 191
person 0.9127930998802185 366 145 380 171
person 0.9078093767166138 519 183 589 313
person 0.8975464105606079 74 212 96 255
person 0.8945450782775879 86 210 109 254
person 0.8704456090927124 40 226 75 303
person 0.8692375421524048 157 203 175 226
person 0.8234895467758179 114 225 136 254
person 0.8113518357276917 207 163 232 183
person 0.7988635301589966 94 212 116 254
person 0.7753044366836548 530 183 559 214
person 0.7490644454956055 532 185 573 235
person 0.7419923543930054 263 163 305 188
person 0.740982711315155 302 184 344 273
person 0.7281621098518372 166 190 209 238
person 0.7250447273254395 337 186 366 220
person 0.7080917954444885 54 166 71 193
person 0.7012099027633667 216 165 255 189
person 0.6917840838432312 113 197 145 254
person 0.6861871480941772 298 177 333 207
person 0.6642976403236389 38 164 117 302
person 0.6327711343765259 167 216 192 264
person 0.5689913630485535 129 243 196 310
person 0.5279680490493774 399 133 440 153
person 0.5212236642837524 326 188 365 268
person 0.5058987736701965 31 179 53 217
car 0.5055213570594788 563 174 608 196
truck 0.7785688638687134 88 114 336 260
truck 0.7690826058387756 524 176 640 327
truck 0.7658392786979675 383 82 555 223
truck 0.7451037168502808 198 119 323 200
truck 0.6966210007667542 393 83 528 162
truck 0.6812822818756104 395 182 583 301
truck 0.6568425297737122 208 117 332 270
truck 0.601639449596405 194 187 324 275
boat 0.7672032713890076 538 102 639 174
boat 0.6537214517593384 31 50 636 288
skateboard 0.9990185499191284 139 296 190 312
skateboard 0.9988988637924194 164 291 199 310
skateboard 0.8837823271751404 152 255 200 310
