tie 0.942648708820343 428 291 475 336
tie 0.5454139113426208 424 288 501 377
person 0.9999876022338867 46 1 620 421
person 0.5841355919837952 0 0 95 129
person 0.5032668113708496 412 3 602 357
car 0.9130357503890991 559 134 639 413
car 0.8688026666641235 474 130 639 421
car 0.8572342395782471 10 109 97 140
car 0.8559085130691528 0 79 55 134
car 0.796332061290741 513 130 638 226
car 0.7897613644599915 417 168 620 356
car 0.6495659947395325 0 136 195 232
car 0.6297910213470459 0 132 212 336
car 0.6209326386451721 0 104 93 199
car 0.6095595955848694 569 187 639 322
car 0.5239295363426208 401 3 638 419
toothbrush 0.8423972129821777 198 113 215 141
toothbrush 0.5359674096107483 101 282 265 424
umbrella 0.871059000492096 421 0 493 60
umbrella 0.8203027844429016 276 4 513 261
umbrella 0.8044142723083496 150 2 513 422
umbrella 0.755154013633728 197 0 325 54
umbrella 0.7341658473014832 173 112 321 173
umbrella 0.536779522895813 107 261 523 423
umbrella 0.503771960735321 448 0 589 125
