person 0.999985933303833 413 71 608 360
person 0.999885082244873 236 157 282 261
person 0.9997677206993103 607 148 639 252
person 0.9992315769195557 18 175 55 268
person 0.9991057515144348 74 175 113 275
person 0.997809112071991 0 196 14 253
person 0.9968703389167786 543 173 569 217
person 0.9964500665664673 147 177 182 227
person 0.994884192943573 104 149 165 265
person 0.9915952086448669 601 148 633 212
person 0.9728440046310425 599 179 611 208
person 0.9702168107032776 86 178 115 240
person 0.9699015617370605 117 150 167 209
person 0.95453941822052 32 198 57 267
person 0.9406308531761169 156 178 177 207
person 0.9301636219024658 617 144 639 173
person 0.9198112487792969 119 217 321 401
person 0.9097489714622498 588 212 599 227
person 0.906535804271698 221 198 241 243
person 0.890516996383667 225 196 255 254
person 0.88346928358078 82 176 107 221
person 0.846996545791626 593 174 617 221
person 0.7832940220832825 132 289 198 353
person 0.7738366723060608 65 184 86 212
person 0.7637089490890503 66 181 92 225
person 0.71439129114151 43 208 57 232
person 0.694888710975647 623 219 640 251
person 0.681912362575531 20 205 35 231
person 0.6437788009643555 570 172 595 210
person 0.6246688961982727 550 173 567 204
person 0.6207550168037415 28 187 51 225
person 0.6171424984931946 0 196 15 220
person 0.5989629626274109 618 193 639 243
person 0.5087280869483948 119 223 197 286
frisbee 0.7396535277366638 534 96 616 120
sports_ball 0.6551222205162048 243 233 258 259
sports_ball 0.5996148586273193 255 234 270 258
kite 0.5951680541038513 461 109 589 253
kite 0.5637208223342896 264 343 324 393
baseball_bat 0.9027851223945618 441 92 617 129
baseball_glove 0.6849164366722107 486 250 535 289
bench 0.6224825382232666 238 176 280 224
bench 0.607197105884552 382 188 431 224
