bird 0.6890637874603271 281 313 358 476
bird 0.5720264911651611 504 408 598 468
bird 0.5158441662788391 355 197 459 404
elephant 0.9999617338180542 0 121 479 475
elephant 0.9583267569541931 459 2 638 458
elephant 0.9388604164123535 240 0 605 477
elephant 0.938200056552887 545 5 639 341
elephant 0.9273089170455933 271 151 453 476
elephant 0.9267764687538147 0 1 96 116
elephant 0.9143905639648438 332 175 501 470
elephant 0.9049668312072754 2 0 537 156
elephant 0.8960999846458435 136 296 321 474
elephant 0.8883939385414124 -2 4 114 197
elephant 0.8750647902488708 9 -1 562 323
elephant 0.8687773942947388 380 2 557 338
elephant 0.8308048844337463 549 1 639 104
elephant 0.749619722366333 179 298 465 471
elephant 0.7355640530586243 31 346 373 475
elephant 0.6956212520599365 -2 91 111 433
elephant 0.6751972436904907 0 158 39 468
elephant 0.6105072498321533 1 162 70 402
elephant 0.5366499423980713 187 123 475 372
