person 0.9999915361404419 267 40 512 302
person 0.9985054731369019 261 36 446 214
person 0.9966568946838379 378 94 502 290
person 0.9286569952964783 0 100 5 173
person 0.8001313805580139 38 269 458 342
person 0.7906403541564941 328 41 452 149
person 0.7429890036582947 330 201 419 285
person 0.7414021492004395 274 198 491 331
person 0.7319686412811279 4 199 67 239
person 0.690301239490509 421 104 520 213
person 0.647849977016449 408 201 494 287
person 0.5887491106987 99 155 207 175
person 0.5361823439598083 260 147 337 212
person 0.5290132164955139 158 0 449 23
person 0.5161619186401367 414 21 496 45
person 0.5147750973701477 269 0 470 7
snowboard 0.7444586157798767 257 175 459 274
snowboard 0.6377764940261841 259 175 358 239
skateboard 0.7050725221633911 368 217 433 269
skateboard 0.6723763942718506 385 251 467 279
skateboard 0.6332347989082336 355 224 411 276
skateboard 0.6212872862815857 345 206 408 260
skateboard 0.57457035779953 254 174 316 211
skateboard 0.5124873518943787 364 198 498 280
skateboard 0.5083691477775574 382 178 502 232
skateboard 0.5037034153938293 268 172 356 212
surfboard 0.6693642139434814 280 251 509 349
surfboard 0.5262831449508667 318 252 479 279
clock 0.6606627106666565 283 146 345 205
clock 0.6160271763801575 446 177 512 219
clock 0.5633220672607422 258 178 283 204
