person 0.9817498922348022 262 289 300 390
person 0.9752609729766846 315 285 328 300
person 0.9648787975311279 255 337 279 392
person 0.9637803435325623 312 288 331 319
person 0.9595003128051758 278 290 296 328
person 0.9570183157920837 65 334 85 391
person 0.9505641460418701 288 292 307 322
person 0.9177305698394775 18 312 34 335
person 0.8969634771347046 360 262 374 289
person 0.8803412318229675 286 308 306 346
person 0.8764281272888184 312 282 350 377
person 0.8468066453933716 348 261 372 296
person 0.8389187455177307 0 305 8 353
person 0.8065956234931946 65 302 85 362
person 0.7371265292167664 367 285 375 412
person 0.7337023615837097 340 292 374 368
person 0.7049282193183899 367 345 374 401
person 0.6953760385513306 0 297 15 320
person 0.6266182661056519 358 288 374 327
person 0.6167414784431458 0 300 16 358
person 0.6070955991744995 336 256 361 292
person 0.5367466807365417 97 288 148 460
person 0.5299569964408875 304 163 334 192
person 0.5226346850395203 341 287 369 309
person 0.5058845281600952 2 309 37 343
suitcase 0.5360490679740906 93 71 287 232
motorcycle 0.9983355402946472 280 311 335 375
motorcycle 0.7177605628967285 5 2 372 497
tv 0.5889148712158203 167 0 277 38
clock 0.9981772899627686 163 155 199 193
clock 0.9901316165924072 26 85 61 109
clock 0.9853675961494446 144 122 213 205
clock 0.8844217658042908 297 84 329 106
clock 0.8614567518234253 8 79 75 142
clock 0.8287301659584045 15 81 94 116
clock 0.7558314204216003 293 86 336 119
clock 0.6099227666854858 257 161 302 234
clock 0.5058018565177917 80 103 271 230
vase 0.85628342628479 68 188 284 497
vase 0.7759822607040405 163 188 280 251
vase 0.5666321516036987 87 190 185 245
vase 0.5576146245002747 49 295 75 335
chair 0.640174925327301 0 337 43 407
chair 0.604368269443512 0 203 80 407
chair 0.5895130038261414 219 435 373 499
chair 0.5588158965110779 12 319 87 399
