bowl 0.560531497001648 0 212 640 423
dining_table 0.939227283000946 0 331 640 425
dining_table 0.9333117604255676 0 244 138 423
dining_table 0.88802570104599 520 165 639 417
dining_table 0.859273374080658 -12 386 618 426
dining_table 0.822873055934906 554 332 639 426
dining_table 0.8188090920448303 0 386 130 426
dining_table 0.6323418617248535 0 207 639 423
dining_table 0.5860845446586609 0 0 441 423
cake 0.9954226613044739 4 0 638 424
cake 0.9665110111236572 326 184 593 315
cake 0.9581966400146484 335 183 637 405
cake 0.9342502951622009 17 165 403 423
cake 0.9214130640029907 48 151 396 260
cake 0.9095903635025024 347 300 614 425
cake 0.8827900290489197 186 164 388 303
cake 0.8593083620071411 120 174 622 424
cake 0.7388791441917419 11 248 298 406
cake 0.6939687728881836 110 313 348 425
cake 0.691607654094696 533 7 639 373
cake 0.6030893921852112 91 286 585 425
cake 0.5626367926597595 111 1 635 228
cake 0.5324275493621826 606 1 639 149
