bed 0.5460146069526672 93 0 309 483
tv 0.9956133365631104 0 183 98 367
tv 0.8794714212417603 0 362 147 499
tv 0.7993797063827515 0 184 149 496
book 0.9995808005332947 337 224 346 269
book 0.9994660019874573 328 223 336 269
book 0.999299168586731 320 223 328 268
book 0.9992755055427551 341 285 351 338
book 0.9992743134498596 324 223 332 269
book 0.9992647767066956 334 225 341 269
book 0.9990979433059692 334 284 343 336
book 0.9989626407623291 326 282 336 337
book 0.9988645315170288 310 220 317 264
book 0.9987865090370178 351 285 362 336
book 0.9985858201980591 349 231 357 270
book 0.9984423518180847 319 283 328 336
book 0.998403012752533 344 227 352 269
book 0.9983236193656921 304 217 313 263
book 0.9983057975769043 297 220 305 264
book 0.9981630444526672 313 152 326 198
book 0.9980511665344238 299 277 308 324
book 0.9979315996170044 331 282 340 330
book 0.9978172779083252 323 151 334 198
book 0.9977120161056519 309 278 319 328
book 0.9976537823677063 333 156 341 198
book 0.9976200461387634 303 147 317 199
book 0.9975565671920776 297 217 360 270
book 0.9974457025527954 324 267 331 298
book 0.9971879124641418 304 277 315 330
book 0.9968363046646118 358 224 366 270
book 0.996665894985199 293 275 302 318
book 0.9954372048377991 337 153 346 198
book 0.9948189854621887 341 152 352 198
book 0.9944970011711121 309 147 363 199
book 0.994083821773529 360 286 370 339
book 0.9927977919578552 359 276 368 301
book 0.9917299151420593 347 155 357 198
book 0.9914080500602722 307 275 367 340
book 0.9899216294288635 359 216 375 273
book 0.9883790016174316 367 160 375 202
book 0.9876382350921631 369 247 374 279
book 0.9863325953483582 327 314 340 348
book 0.9857068657875061 313 323 328 346
book 0.9845256209373474 357 156 366 199
book 0.9836753010749817 305 276 338 338
book 0.9736642241477966 301 338 334 363
book 0.968569278717041 0 316 64 330
book 0.9606983661651611 0 311 55 323
book 0.9238052368164062 0 331 65 346
book 0.8825040459632874 0 310 26 322
book 0.8316237330436707 367 292 374 338
book 0.6758596301078796 305 184 316 208
book 0.6499605178833008 0 349 68 366
chair 0.8518503308296204 177 407 357 499
chair 0.8333728909492493 164 292 359 498
couch 0.5885601043701172 164 292 358 498
