person 0.9944983124732971 109 268 122 281
person 0.9931538105010986 130 264 142 285
person 0.9864969849586487 106 271 118 282
person 0.9837860465049744 117 270 132 284
person 0.9828011989593506 163 248 185 272
person 0.9806532859802246 445 324 461 331
person 0.9783972501754761 151 254 170 279
person 0.9687591195106506 33 284 47 292
person 0.9672763347625732 0 253 4 279
person 0.9665930867195129 319 288 352 303
person 0.9662193059921265 139 273 150 287
person 0.9643184542655945 107 249 130 278
person 0.9642364978790283 428 322 449 332
person 0.96384596824646 471 293 501 307
person 0.9610872864723206 47 275 68 292
person 0.9592419266700745 126 251 145 274
person 0.9482612013816833 36 285 51 294
person 0.9309452772140503 548 304 574 327
person 0.9225887656211853 30 288 50 326
person 0.9193515181541443 299 355 317 369
person 0.9142647981643677 0 274 7 287
person 0.912501871585846 203 315 219 334
person 0.9080268144607544 549 321 567 336
person 0.8899130821228027 316 275 369 300
person 0.8793614506721497 14 385 35 400
person 0.8754234910011292 443 308 477 324
person 0.875360369682312 413 291 436 301
person 0.8752806782722473 361 228 374 244
person 0.8636648058891296 409 337 424 344
person 0.8612244129180908 465 296 535 316
person 0.8530768752098083 177 293 200 307
person 0.8517174124717712 405 342 416 350
person 0.8512997627258301 366 231 388 256
person 0.8493322134017944 460 320 508 330
person 0.796764075756073 179 287 207 297
person 0.780565083026886 547 321 560 333
person 0.7781540751457214 308 354 326 369
person 0.7748705744743347 559 321 573 336
person 0.7675313353538513 291 356 304 370
person 0.7522009611129761 228 294 273 312
person 0.7462668418884277 124 320 142 332
person 0.6921023726463318 112 320 134 332
person 0.6774234771728516 133 279 153 288
person 0.6736668944358826 300 317 329 325
person 0.6523628234863281 207 209 291 242
person 0.5867866277694702 329 385 351 393
person 0.5827232003211975 25 296 60 340
person 0.5704326629638672 92 264 131 305
person 0.5530912280082703 98 271 156 316
person 0.5443001389503479 96 255 152 284
person 0.5302217602729797 0 284 45 364
person 0.5108853578567505 15 317 55 340
boat 0.5786937475204468 91 321 131 337
boat 0.5767319798469543 141 313 199 333
boat 0.5659871101379395 118 279 154 289
surfboard 0.7490073442459106 545 328 566 338
surfboard 0.6946596503257751 316 320 398 333
surfboard 0.6778295040130615 303 317 397 328
surfboard 0.6422856450080872 332 319 385 328
surfboard 0.6145474910736084 329 316 453 332
surfboard 0.5763309001922607 256 312 463 332
bird 0.917231559753418 228 465 249 474
umbrella 0.6105443835258484 137 2 594 132
