potted_plant 0.9961896538734436 355 308 397 352
potted_plant 0.9808804392814636 352 306 402 385
potted_plant 0.9748674035072327 25 288 128 376
potted_plant 0.8519789576530457 40 295 95 377
potted_plant 0.7171723246574402 68 296 128 355
potted_plant 0.6939607262611389 364 311 394 337
potted_plant 0.5806449055671692 371 316 398 374
potted_plant 0.5090123414993286 0 284 87 374
person 0.7346189618110657 427 66 499 137
person 0.6178358197212219 146 137 191 359
person 0.6008201241493225 28 284 65 329
person 0.5520758628845215 272 81 300 152
bird 0.9160081148147583 233 374 245 383
bird 0.7789913415908813 230 372 242 381
bird 0.5743088126182556 429 66 485 120
cat 0.6468429565429688 92 57 130 103
cat 0.5849055051803589 48 59 125 143
sink 0.725975751876831 2 379 497 414
sink 0.6200995445251465 426 318 499 373
sink 0.604796826839447 465 312 499 339
book 0.7883888483047485 0 6 499 414
clock 0.9893293976783752 243 201 256 222
clock 0.8295067548751831 246 209 257 224
clock 0.7870979905128479 252 205 261 221
clock 0.737328290939331 50 169 106 190
clock 0.6154991984367371 232 203 244 223
vase 0.9748497009277344 51 347 76 377
vase 0.9607604742050171 368 344 389 383
vase 0.9590373635292053 376 355 395 386
vase 0.9155617356300354 376 325 403 386
vase 0.7927073240280151 390 337 425 386
vase 0.7683994770050049 95 326 125 364
vase 0.7664659023284912 30 337 65 376
vase 0.7055610418319702 59 332 91 374
vase 0.7022209763526917 343 325 364 358
vase 0.6633109450340271 0 332 21 373
vase 0.6438374519348145 347 321 379 358
vase 0.6009984612464905 389 315 409 347
vase 0.5459833741188049 2 323 49 365
