tie 0.9880075454711914 236 263 306 337
tie 0.9619501233100891 245 273 326 368
tie 0.890171229839325 124 188 219 298
tie 0.8687583208084106 199 288 328 442
tie 0.7495282888412476 132 248 288 418
tie 0.6529741883277893 258 163 311 211
tie 0.6147864460945129 212 152 333 320
person 0.9541774392127991 0 563 26 639
person 0.8876627087593079 0 290 480 636
person 0.8759276270866394 0 350 28 636
person 0.8095728754997253 1 554 479 640
person 0.7440469264984131 266 2 479 637
person 0.6459376215934753 0 569 67 639
person 0.5690997838973999 0 25 280 633
person 0.5479310750961304 91 508 342 640
person 0.5110265016555786 0 352 210 636
potted_plant 0.868074357509613 0 47 361 638
vase 0.9208506941795349 96 292 278 630
vase 0.5307210087776184 0 29 181 409
scissors 0.7331822514533997 113 181 314 451
scissors 0.6312284469604492 168 341 316 447
toothbrush 0.7657325267791748 113 84 211 230
umbrella 0.7942149639129639 0 31 216 280
umbrella 0.6099894046783447 0 208 81 486
