person 0.861126184463501 32 106 295 474
person 0.6538375020027161 41 112 595 471
toilet 0.9024875164031982 276 305 388 476
toilet 0.8394522070884705 281 299 387 351
toilet 0.6616005897521973 271 313 611 474
toilet 0.6422544121742249 152 51 632 470
toilet 0.6279366612434387 44 302 369 475
toilet 0.5793442726135254 450 82 638 469
toilet 0.559248149394989 365 263 571 399
cup 0.7627941966056824 535 92 636 246
teddy_bear 0.8665611147880554 360 117 588 473
teddy_bear 0.593798041343689 378 361 584 476
hair_drier 0.5996200442314148 470 0 639 139
toothbrush 0.9909662008285522 266 431 296 477
toothbrush 0.9791450500488281 250 340 288 476
toothbrush 0.9757736325263977 537 393 585 465
toothbrush 0.961018979549408 331 370 390 477
toothbrush 0.9323312044143677 601 230 633 277
toothbrush 0.927233874797821 352 392 396 467
toothbrush 0.9243606328964233 510 387 600 477
toothbrush 0.892992377281189 260 429 339 478
toothbrush 0.8926477432250977 521 180 600 243
toothbrush 0.8903560638427734 532 232 639 281
toothbrush 0.879159152507782 66 393 98 476
toothbrush 0.8232144713401794 523 159 632 263
toothbrush 0.8024360537528992 300 347 362 475
toothbrush 0.7827591896057129 591 126 640 274
toothbrush 0.7731629014015198 492 207 554 250
toothbrush 0.745310366153717 315 407 373 478
toothbrush 0.553049623966217 117 430 269 477
toothbrush 0.5505815148353577 449 407 562 477
toothbrush 0.526101291179657 219 258 290 474
