person 0.9994439482688904 91 458 113 488
person 0.9993398785591125 218 414 252 447
person 0.9983639121055603 189 324 205 338
person 0.9969848990440369 110 454 151 498
person 0.9968013763427734 156 431 198 461
person 0.9948613047599792 132 331 165 348
person 0.9929469227790833 65 471 92 497
person 0.9912233352661133 70 454 132 498
person 0.9854182004928589 269 300 291 310
person 0.9846758246421814 195 409 272 465
person 0.9846524596214294 291 275 314 289
person 0.9816957712173462 287 292 318 304
person 0.98163902759552 40 346 111 374
person 0.9798396229743958 61 97 86 154
person 0.9791775345802307 89 328 151 352
person 0.9668629169464111 205 306 267 319
person 0.9600561857223511 406 266 426 289
person 0.9456703662872314 59 203 93 247
person 0.9395356178283691 277 297 330 309
person 0.9272341132164001 219 293 251 309
person 0.9263327121734619 324 283 352 302
person 0.9111086130142212 53 331 151 358
person 0.8932294249534607 379 277 426 296
person 0.8907736539840698 323 268 346 292
person 0.8558366894721985 140 409 272 477
person 0.8547170162200928 154 316 206 336
person 0.8527615666389465 169 323 215 343
person 0.8218114972114563 71 424 227 504
person 0.8000774383544922 3 283 88 307
person 0.7747025489807129 44 274 99 292
person 0.7731389403343201 46 289 109 311
person 0.7690684795379639 135 275 174 298
person 0.73075932264328 51 93 88 207
person 0.67559814453125 108 260 150 291
person 0.6364426612854004 343 278 426 302
person 0.6106683611869812 0 229 45 288
person 0.6077381372451782 0 269 53 299
person 0.6049843430519104 12 271 58 289
person 0.6016708612442017 143 262 187 288
person 0.5664481520652771 236 274 301 299
person 0.5601810216903687 0 227 21 290
person 0.5318945646286011 350 262 426 291
person 0.5108445882797241 58 280 106 300
boat 0.9996801614761353 41 89 100 296
boat 0.9985190033912659 15 80 212 332
boat 0.9976162910461426 22 322 223 364
boat 0.9974964261054993 206 212 324 311
boat 0.9974850416183472 202 241 381 305
boat 0.9972761273384094 39 416 281 578
boat 0.9952367544174194 19 92 285 572
boat 0.9939990043640137 338 225 365 303
boat 0.9923582673072815 312 224 366 312
boat 0.990730345249176 63 230 125 295
boat 0.9895373582839966 38 231 189 309
boat 0.9826486110687256 158 271 238 298
boat 0.9807377457618713 328 234 426 296
boat 0.9739930033683777 79 264 241 303
boat 0.9689009785652161 222 216 257 302
boat 0.9686351418495178 218 261 363 295
boat 0.9569333791732788 286 198 309 262
boat 0.9502723217010498 0 212 88 302
boat 0.9471966028213501 184 241 249 286
boat 0.9394153356552124 343 228 360 283
boat 0.909334123134613 350 228 371 284
boat 0.8962176442146301 170 272 213 284
boat 0.869713544845581 293 228 348 290
boat 0.850828230381012 5 272 100 293
boat 0.7874093651771545 69 272 116 293
boat 0.7792897820472717 28 389 271 432
boat 0.7696647644042969 36 280 195 322
boat 0.7631754875183105 336 269 426 295
boat 0.6971017122268677 150 278 199 294
boat 0.6941767334938049 160 293 220 314
boat 0.6766424775123596 222 297 322 312
boat 0.6108725070953369 5 255 77 289
boat 0.5598821640014648 81 269 139 293
boat 0.5137999057769775 187 290 230 307
