person 0.9874465465545654 146 159 260 476
person 0.7162119746208191 138 159 429 479
person 0.5186877846717834 211 219 329 364
bicycle 0.6269054412841797 166 31 516 129
baseball_glove 0.8041451573371887 169 18 295 118
baseball_glove 0.6013398766517639 330 45 415 120
laptop 0.6018605828285217 101 111 593 445
horse 0.5250963568687439 261 160 502 387
scissors 0.8071330189704895 249 338 325 381
scissors 0.7686030864715576 383 49 518 132
teddy_bear 0.7446972131729126 363 208 479 297
teddy_bear 0.5940589904785156 130 146 178 261
teddy_bear 0.5522997379302979 389 244 505 378
chair 0.8679970502853394 154 328 257 478
chair 0.7268460392951965 172 116 589 471
chair 0.7073599100112915 287 457 380 479
chair 0.5865828990936279 60 461 304 479
