bird 0.8583680987358093 132 458 143 467
bird 0.800852358341217 200 285 210 296
bird 0.747895359992981 126 458 138 468
bird 0.7101781368255615 192 286 202 295
bird 0.5532535314559937 599 283 610 293
bird 0.5263286828994751 270 294 278 301
bird 0.5086275339126587 180 287 191 297
person 0.9481161236763 306 286 312 293
person 0.9421654939651489 418 299 425 307
person 0.9332178235054016 310 288 317 294
person 0.9279628396034241 472 289 483 298
person 0.9156842231750488 543 406 559 433
person 0.9132717847824097 457 298 467 305
person 0.8943305611610413 380 286 390 294
person 0.8933473825454712 305 288 312 295
person 0.8780753016471863 480 287 491 296
person 0.8723980784416199 546 417 563 436
person 0.8672308921813965 520 414 541 436
person 0.8628133535385132 46 282 57 290
person 0.8490025401115417 386 288 395 297
person 0.8433490991592407 511 282 526 293
person 0.835361659526825 603 413 639 433
person 0.8279531598091125 96 284 105 292
person 0.8040060997009277 459 412 481 433
person 0.7960541248321533 164 286 175 297
person 0.7730714678764343 211 280 228 291
person 0.7655037045478821 361 289 371 298
person 0.7355207800865173 177 417 195 432
person 0.7243563532829285 111 364 131 378
person 0.7149406671524048 421 299 428 307
person 0.6856167316436768 183 419 202 433
person 0.6851003170013428 264 287 271 294
person 0.6714235544204712 427 417 468 436
person 0.6678639650344849 557 380 572 429
person 0.6672251224517822 500 394 513 433
person 0.6656416654586792 9 432 24 443
person 0.658729612827301 392 423 420 438
person 0.6524845957756042 69 285 79 293
person 0.649983286857605 100 425 118 435
person 0.6441388726234436 383 424 400 436
person 0.6379645466804504 52 284 64 292
person 0.6225569248199463 176 285 188 295
person 0.6164889335632324 118 427 131 436
person 0.6148412823677063 275 287 282 294
person 0.5922888517379761 66 428 117 445
person 0.5915457606315613 279 289 286 296
person 0.5851609706878662 271 291 279 298
person 0.5827441811561584 500 378 512 396
person 0.5545329451560974 603 283 613 292
person 0.5510538816452026 270 288 277 296
person 0.5376942753791809 414 301 422 308
person 0.5324987769126892 260 373 278 403
person 0.5269144773483276 24 449 40 460
person 0.5207884311676025 342 424 362 437
person 0.5176900029182434 308 424 335 436
person 0.5114059448242188 234 305 258 321
person 0.5034897923469543 628 333 639 357
surfboard 0.9778611063957214 518 375 536 433
surfboard 0.9694650173187256 416 305 427 310
surfboard 0.9548071622848511 240 391 270 430
surfboard 0.9438944458961487 260 387 279 420
surfboard 0.9349774122238159 245 381 279 416
surfboard 0.9003270268440247 515 374 550 436
surfboard 0.8500242829322815 495 377 526 436
surfboard 0.8429842591285706 231 390 299 432
surfboard 0.8350594639778137 255 373 272 397
surfboard 0.8344202637672424 504 379 519 431
surfboard 0.7724422812461853 560 372 577 422
surfboard 0.7685014009475708 544 372 572 433
surfboard 0.7042242884635925 534 373 553 431
surfboard 0.5422990918159485 423 300 431 307
surfboard 0.5263325572013855 542 371 559 398
surfboard 0.513879656791687 495 380 508 417
kite 0.881552517414093 337 0 356 8
kite 0.86802738904953 293 0 361 10
kite 0.8162292838096619 248 0 309 11
kite 0.7199776768684387 375 0 446 15
kite 0.5391181707382202 141 5 629 200
