person 0.9999996423721313 19 24 245 328
person 0.9926949739456177 318 37 369 157
person 0.9899258613586426 296 26 387 167
person 0.9793378114700317 303 22 438 236
person 0.9768598079681396 325 62 347 85
person 0.9742567539215088 328 23 363 82
person 0.9678310751914978 315 62 356 140
person 0.9172821044921875 328 47 355 85
person 0.8780052661895752 465 39 499 103
person 0.8065204620361328 298 94 316 124
person 0.7977304458618164 308 72 335 119
person 0.6509677767753601 315 75 384 130
person 0.6284688711166382 425 122 453 158
person 0.5827711820602417 391 110 450 166
person 0.5766806602478027 329 123 369 164
person 0.5699247121810913 479 93 500 148
person 0.5236064791679382 294 38 311 76
car 0.7176719307899475 0 161 32 194
car 0.6985450387001038 0 149 60 185
sports_ball 0.987498939037323 362 276 369 282
sports_ball 0.8931435942649841 34 19 86 47
baseball_bat 0.9909639358520508 116 0 182 47
baseball_bat 0.9175292253494263 107 0 264 60
baseball_bat 0.8120810389518738 110 2 321 159
baseball_bat 0.8009738326072693 17 0 191 81
traffic_light 0.7263615727424622 298 29 318 76
traffic_light 0.6875084042549133 76 0 124 61
traffic_light 0.6319193243980408 93 2 139 45
traffic_light 0.5494827628135681 0 19 32 46
tennis_racket 0.8852734565734863 7 118 67 154
tennis_racket 0.7436807751655579 10 118 44 145
tennis_racket 0.6169381737709045 1 114 235 167
cell_phone 0.6288354992866516 205 151 231 174
bench 0.9801902174949646 113 225 293 265
bench 0.9584362506866455 112 212 437 253
bench 0.8598743081092834 0 214 90 250
bench 0.8163817524909973 70 218 187 267
bench 0.6713017821311951 118 134 260 262
bench 0.5739756226539612 359 99 477 235
bench 0.5592800974845886 482 194 499 239
bench 0.5067739486694336 0 185 76 208
