zebra 0.9999768733978271 435 270 546 341
zebra 0.9999736547470093 115 271 246 353
zebra 0.9995591044425964 110 270 183 349
zebra 0.9953151941299438 478 284 543 338
zebra 0.9945344924926758 303 268 373 344
zebra 0.993637204170227 152 273 232 319
zebra 0.9935123324394226 203 303 263 366
zebra 0.9916975498199463 504 292 543 337
zebra 0.9862469434738159 32 279 173 336
zebra 0.9838477969169617 13 286 64 326
zebra 0.9835267663002014 416 295 457 341
zebra 0.981967568397522 187 281 249 361
zebra 0.9812138080596924 433 269 506 320
zebra 0.9661120772361755 353 309 385 342
zebra 0.9613339900970459 7 263 78 328
zebra 0.9612958431243896 438 267 492 295
zebra 0.9606721997261047 232 291 262 337
zebra 0.9584904909133911 602 277 640 321
zebra 0.9559706449508667 76 273 506 377
zebra 0.9415807723999023 527 267 633 326
zebra 0.9331757426261902 269 273 327 342
zebra 0.9321706295013428 97 315 210 361
zebra 0.929998517036438 338 270 385 343
zebra 0.9034576416015625 470 295 517 337
zebra 0.8954675793647766 14 296 40 326
zebra 0.8692562580108643 305 274 346 341
zebra 0.842711329460144 61 269 274 373
zebra 0.8410249948501587 267 278 300 342
zebra 0.63753741979599 84 339 215 366
zebra 0.5031495094299316 291 266 337 303
person 0.7502428889274597 235 198 264 225
bird 0.9632829427719116 296 177 303 183
bird 0.9548153877258301 294 176 301 182
bird 0.9482900500297546 300 176 307 183
bird 0.9403312802314758 507 149 530 167
bird 0.9367206692695618 428 171 437 178
bird 0.9310139417648315 531 231 552 246
bird 0.8718248605728149 427 172 435 179
bird 0.8567208647727966 3 173 25 189
bird 0.8330022692680359 315 174 331 186
bird 0.783524215221405 194 177 210 193
bird 0.7780199646949768 496 241 522 265
bird 0.7676249742507935 517 137 596 171
bird 0.7626020312309265 432 172 439 179
bird 0.7219010591506958 73 168 108 190
bird 0.7194859981536865 422 172 432 180
bird 0.684077262878418 324 259 351 295
bird 0.5528742074966431 82 342 172 364
train 0.5235516428947449 -1 122 638 174
