person 0.9233487844467163 598 248 611 257
person 0.9198886156082153 560 246 572 255
person 0.8981236815452576 463 264 475 271
person 0.8972791433334351 619 252 639 266
person 0.8892571330070496 35 265 63 277
person 0.8824235796928406 582 247 599 257
person 0.8792971968650818 564 246 577 255
person 0.8678472638130188 578 248 594 257
person 0.8653792142868042 524 253 539 264
person 0.8078858852386475 504 249 525 259
person 0.8035684823989868 360 259 371 270
person 0.7683130502700806 346 257 357 267
person 0.7615906000137329 110 267 132 278
person 0.7566280364990234 283 265 294 277
person 0.7370105385780334 1 324 158 466
person 0.7234644293785095 465 266 479 272
person 0.7142501473426819 548 246 566 256
person 0.7063473463058472 175 265 204 278
person 0.7016566395759583 56 265 81 277
person 0.7013323307037354 528 267 551 278
person 0.6909025311470032 277 263 289 274
person 0.6844497323036194 453 265 469 272
person 0.6813549399375916 103 260 126 273
person 0.6597056984901428 73 254 105 269
person 0.6356602907180786 519 249 548 262
person 0.6342772841453552 122 265 146 277
person 0.6311419606208801 456 273 484 286
person 0.6109356880187988 261 260 286 273
person 0.6049871444702148 522 260 545 271
person 0.6048370003700256 113 259 203 277
person 0.6027599573135376 398 263 416 271
person 0.601708710193634 301 277 315 289
person 0.596951425075531 77 265 101 276
person 0.5745052695274353 435 254 456 271
person 0.5630936622619629 382 253 394 270
person 0.5553324222564697 152 263 184 276
person 0.5420621633529663 439 265 454 271
person 0.5414245128631592 299 275 363 299
person 0.5411686301231384 410 251 422 266
person 0.5328774452209473 99 267 115 277
person 0.5263271927833557 338 262 351 269
person 0.5235615968704224 387 258 405 271
person 0.5134787559509277 487 267 511 277
person 0.512639582157135 490 262 508 271
person 0.5118645429611206 513 251 533 260
person 0.5096873044967651 370 263 385 272
umbrella 0.954050600528717 97 236 171 255
umbrella 0.8904204368591309 65 238 181 270
umbrella 0.8193708062171936 70 241 132 258
umbrella 0.6893799304962158 127 236 171 252
boat 0.5067129135131836 505 250 526 258
boat 0.5063348412513733 409 252 423 270
boat 0.5034115314483643 369 251 378 266
bench 0.9998568296432495 422 285 581 360
bench 0.9061158895492554 270 269 320 293
bench 0.8316440582275391 269 270 298 295
bench 0.7548214793205261 384 268 416 274
bench 0.730563223361969 233 262 252 274
bench 0.7268763780593872 272 270 290 284
bench 0.7156233191490173 449 267 477 275
bench 0.695035457611084 405 264 432 271
bench 0.6893245577812195 505 267 535 276
bench 0.6756440997123718 407 304 603 383
bench 0.6623532772064209 201 263 220 275
bench 0.6615256071090698 2 463 169 479
bench 0.661105751991272 352 261 424 274
bench 0.6587622761726379 335 265 383 274
bench 0.6546769142150879 478 262 547 280
bench 0.6462261080741882 207 264 226 275
bench 0.6436682939529419 377 266 401 273
bench 0.6133661270141602 273 264 527 301
bench 0.6063197255134583 374 265 452 276
bench 0.5810431241989136 43 473 349 479
bench 0.5687994360923767 162 281 586 368
bench 0.5537742376327515 358 267 385 273
bench 0.5518659353256226 4 280 570 475
bench 0.5124234557151794 239 259 258 273
bench 0.5048938989639282 388 260 451 271
bench 0.5045931935310364 349 264 367 271
bench 0.5023514032363892 430 265 453 272
