potted_plant 0.5720665454864502 531 1 639 208
bed 0.7897839546203613 16 0 593 91
bed 0.7694114446640015 34 3 635 286
bed 0.6791371703147888 19 336 602 441
bed 0.6247490048408508 -5 398 490 476
bed 0.6171332001686096 0 258 640 469
bed 0.6107304692268372 3 37 531 473
bed 0.6056944727897644 17 0 581 46
bed 0.5928685665130615 256 37 640 442
person 0.593164324760437 376 366 534 433
person 0.5466514229774475 378 325 627 436
person 0.5159933567047119 0 143 639 435
laptop 0.958553671836853 6 6 442 266
remote 0.6654284000396729 68 95 131 218
remote 0.6341668963432312 4 206 384 266
keyboard 0.8375137448310852 59 75 333 231
book 0.8354649543762207 16 92 104 236
book 0.8038573265075684 0 0 138 260
book 0.6786790490150452 0 0 61 127
book 0.6054161190986633 0 111 78 250
scissors 0.5029727220535278 291 241 402 281
