person 0.9999090433120728 0 0 639 422
person 0.9887661337852478 0 10 204 314
person 0.9683544039726257 0 2 26 159
person 0.9527365565299988 0 157 202 322
person 0.9434249401092529 0 4 32 421
person 0.9124552607536316 2 0 316 198
person 0.8670817017555237 141 0 322 178
person 0.8575039505958557 0 29 303 425
person 0.8285083174705505 151 1 630 281
person 0.8099542856216431 0 0 79 174
person 0.7902436852455139 229 2 480 320
person 0.7798879146575928 474 14 639 420
person 0.7421637773513794 0 182 186 422
person 0.7297301888465881 187 0 330 88
person 0.6270643472671509 568 0 640 82
toothbrush 0.973856508731842 158 250 395 296
toothbrush 0.9284218549728394 158 242 334 279
toothbrush 0.81655353307724 162 216 361 283
toothbrush 0.725114643573761 39 250 393 325
toothbrush 0.7204341292381287 67 284 262 343
toothbrush 0.6620401740074158 25 193 391 299
toothbrush 0.5449034571647644 507 358 638 426
toothbrush 0.5205742716789246 470 402 628 427
umbrella 0.7370361089706421 0 179 381 338
umbrella 0.6776205897331238 29 276 380 363
umbrella 0.6639810800552368 20 231 523 357
umbrella 0.6567736268043518 52 249 377 329
