potted_plant 0.9373857378959656 24 33 392 625
potted_plant 0.5763890147209167 2 299 173 518
potted_plant 0.5508272647857666 12 377 86 509
person 0.6726477146148682 0 601 200 639
bird 0.9503344893455505 30 237 120 349
bird 0.859961211681366 64 113 177 278
bird 0.7333105206489563 133 116 302 315
bird 0.73003089427948 243 49 367 184
bird 0.5737099051475525 30 453 90 504
bird 0.5180888175964355 250 109 403 341
bird 0.502895712852478 48 443 109 501
bowl 0.7860193252563477 87 301 390 545
book 0.5267284512519836 164 471 194 562
vase 0.9063408970832825 169 322 321 623
vase 0.7706432342529297 277 303 415 496
vase 0.7625108957290649 161 471 311 635
vase 0.7539775371551514 224 408 292 635
vase 0.6960890889167786 101 95 378 534
chair 0.6057100892066956 0 309 184 615
chair 0.5502332448959351 251 54 415 626
