tie 0.7526130080223083 204 107 238 187
person 0.999516487121582 88 66 318 508
person 0.9992483258247375 153 157 295 514
person 0.9230082035064697 53 113 235 501
person 0.7608969807624817 137 79 309 343
person 0.6724579930305481 477 212 479 427
person 0.6077156662940979 166 406 262 520
person 0.6044525504112244 0 212 24 503
person 0.5906879305839539 76 86 307 240
person 0.5366988182067871 0 7 9 194
person 0.5159046053886414 207 333 268 494
person 0.5118976831436157 0 53 1 228
frisbee 0.8798382878303528 69 121 120 146
sports_ball 0.907187819480896 226 446 249 478
sports_ball 0.8981958627700806 169 476 213 516
sports_ball 0.6010470986366272 230 69 258 94
sports_ball 0.5967298150062561 228 74 257 110
skateboard 0.8923464417457581 162 456 239 520
tennis_racket 0.9964022636413574 68 117 207 156
tennis_racket 0.980717122554779 62 118 191 210
tennis_racket 0.9481015205383301 92 121 220 265
tennis_racket 0.93124920129776 81 94 252 154
tennis_racket 0.9068241119384766 71 108 296 203
tennis_racket 0.8344731330871582 66 119 150 149
tennis_racket 0.8205084204673767 76 0 204 3
tennis_racket 0.7152540683746338 231 245 289 326
tennis_racket 0.7113322019577026 162 159 217 250
tennis_racket 0.5525224804878235 159 70 250 143
tennis_racket 0.5066331624984741 413 0 478 35
