tie 0.9560439586639404 135 239 347 309
tie 0.9016057252883911 326 246 511 317
tie 0.8384900093078613 121 238 512 316
tie 0.5749069452285767 494 257 638 313
potted_plant 0.888842761516571 306 0 551 70
potted_plant 0.8780486583709717 437 0 564 94
potted_plant 0.7954927682876587 306 0 408 56
bed 0.5635209083557129 252 0 640 199
person 0.8958712816238403 479 0 639 145
person 0.5312495231628418 576 1 639 90
cat 0.9999693632125854 2 44 359 301
cat 0.9999480247497559 292 20 640 315
cat 0.8432270884513855 184 23 497 274
chair 0.930210530757904 0 1 152 182
chair 0.8968414068222046 116 0 317 128
chair 0.7138182520866394 27 1 497 140
chair 0.6845654845237732 0 4 640 362
couch 0.8349895477294922 0 1 640 365
couch 0.6473598480224609 479 34 640 160
couch 0.6332321763038635 408 1 638 316
couch 0.6295050382614136 333 1 639 155
couch 0.6209893226623535 570 0 639 165
couch 0.5738247632980347 35 0 636 182
