person 0.9998546838760376 562 95 636 311
person 0.9995057582855225 478 174 539 316
person 0.9989838004112244 160 85 245 249
person 0.9988409876823425 257 168 308 304
person 0.9987815022468567 262 107 325 214
person 0.9986984729766846 336 101 408 213
person 0.9969069361686707 410 195 475 321
person 0.995288610458374 181 190 264 339
person 0.9900335669517517 514 121 570 301
person 0.9833801984786987 11 178 101 332
person 0.9766706824302673 335 183 410 351
person 0.9760427474975586 560 139 590 302
person 0.9686434268951416 481 124 551 259
person 0.9629635810852051 288 172 350 324
person 0.9548545479774475 0 184 17 262
person 0.928370475769043 482 123 531 195
person 0.9220974445343018 603 103 639 309
person 0.9219744205474854 0 183 49 322
person 0.9099211096763611 356 183 424 287
person 0.8787288069725037 56 148 128 276
person 0.7978551387786865 239 195 276 290
person 0.7621185183525085 234 184 329 353
person 0.756346583366394 433 188 492 307
person 0.7429296374320984 51 146 108 202
person 0.6946279406547546 420 172 455 221
person 0.6878950595855713 328 201 371 322
person 0.6811193227767944 224 193 266 294
person 0.6654865741729736 347 179 390 225
person 0.6183822154998779 408 195 457 278
person 0.6149796843528748 563 226 605 307
person 0.604560911655426 74 148 107 182
person 0.6024664640426636 514 194 546 309
person 0.5647823810577393 16 227 57 264
person 0.5471848249435425 10 224 80 323
person 0.5380576848983765 271 169 317 226
snowboard 0.6080267429351807 373 140 408 227
sports_ball 0.6619950532913208 302 329 335 358
baseball_glove 0.5621257424354553 318 214 345 242
cup 0.6198036074638367 178 147 193 162
dog 0.8007241487503052 575 280 633 315
dog 0.7516356110572815 299 325 338 359
dog 0.6427310705184937 561 274 585 301
dog 0.5699179172515869 403 237 436 301
backpack 0.5589211583137512 354 123 390 166
chair 0.9324952363967896 137 197 203 292
chair 0.8036531805992126 420 247 483 305
chair 0.7679363489151001 240 247 275 297
chair 0.7501768469810486 408 181 443 230
chair 0.7439407110214233 425 266 472 313
chair 0.7301784753799438 458 209 498 283
chair 0.6182734370231628 126 211 156 275
chair 0.5902976989746094 274 252 318 304
chair 0.5500580072402954 322 266 353 321
chair 0.5489009618759155 170 221 213 300
chair 0.5333878993988037 356 263 396 319
chair 0.5143713355064392 154 263 197 298
