bird 0.9997194409370422 215 100 226 116
bird 0.9986133575439453 215 100 233 120
bird 0.9968552589416504 205 101 232 126
bird 0.9959709048271179 197 115 227 137
bird 0.9942818880081177 199 126 224 146
bird 0.9938422441482544 154 105 185 130
bird 0.9892088770866394 44 86 61 102
bird 0.9873453974723816 30 11 44 34
bird 0.9795701503753662 23 8 41 36
bird 0.9785964488983154 164 423 184 432
bird 0.9767352938652039 35 88 52 107
bird 0.966005265712738 123 106 133 117
bird 0.9620068073272705 417 25 437 40
bird 0.9596523642539978 435 42 450 54
bird 0.9485775232315063 114 105 126 118
bird 0.9266954064369202 120 145 162 196
bird 0.9068366289138794 406 69 436 89
bird 0.9010834097862244 25 94 38 115
bird 0.8824440836906433 418 32 439 49
bird 0.876969039440155 396 203 430 235
bird 0.8668293952941895 501 429 520 439
bird 0.863593339920044 421 41 450 65
bird 0.860148012638092 89 426 104 433
bird 0.8303929567337036 605 148 639 179
bird 0.826152503490448 124 236 148 259
bird 0.7945848703384399 111 237 143 263
bird 0.7828717231750488 563 428 593 448
bird 0.7798519730567932 573 250 639 339
bird 0.7669470310211182 449 345 566 433
bird 0.7306811809539795 185 7 563 294
bird 0.7265596985816956 464 397 509 426
bird 0.6978994011878967 326 443 375 453
bird 0.6745352745056152 501 427 511 433
bird 0.6575281023979187 98 220 251 325
bird 0.6073048710823059 0 310 3 340
bird 0.6033945679664612 496 431 513 439
bird 0.5337395668029785 93 236 146 274
bird 0.5041117668151855 471 436 509 445
zebra 0.9971168041229248 379 212 457 317
zebra 0.9968430995941162 362 198 463 367
zebra 0.9958391189575195 305 252 449 386
zebra 0.9795401096343994 307 263 401 363
zebra 0.9788122773170471 388 197 446 269
zebra 0.9739676713943481 407 234 457 298
zebra 0.9724798202514648 406 271 483 366
zebra 0.9713331460952759 318 214 520 415
zebra 0.9642073512077332 357 209 437 300
zebra 0.9247516393661499 323 261 391 330
zebra 0.8148090839385986 360 224 408 294
zebra 0.7660388946533203 87 234 156 288
person 0.8646832704544067 0 293 19 331
person 0.753838837146759 0 299 9 328
person 0.6431903839111328 0 442 12 453
