person 0.9737822413444519 219 216 238 249
person 0.9589294195175171 268 226 289 248
person 0.9533078670501709 197 216 220 256
person 0.9182412624359131 208 292 229 320
person 0.9169561266899109 248 216 277 248
person 0.9092664122581482 266 230 281 248
person 0.9061118960380554 220 211 253 250
person 0.8995356559753418 259 228 273 248
person 0.8911731243133545 290 202 323 250
person 0.8629385232925415 234 178 322 259
person 0.8145344257354736 257 297 328 345
person 0.7443253993988037 318 203 332 244
person 0.6939075589179993 61 287 76 327
person 0.6005752682685852 233 294 296 345
person 0.5914280414581299 374 189 400 242
person 0.584841251373291 325 197 352 274
person 0.5634679794311523 77 302 91 324
person 0.5370767116546631 85 305 111 324
car 0.8689228296279907 508 310 620 327
car 0.8674073219299316 605 304 626 322
car 0.8202875256538391 601 302 624 314
car 0.8062530755996704 483 305 530 325
car 0.5826565623283386 599 305 619 319
car 0.5559481978416443 618 296 639 321
train 0.9992363452911377 153 133 500 355
train 0.9722895622253418 162 173 337 282
train 0.9390413761138916 39 209 140 320
train 0.729965329170227 302 134 518 324
traffic_light 0.9931963682174683 97 285 105 301
traffic_light 0.9916653037071228 62 292 73 306
traffic_light 0.9905844330787659 411 124 426 138
traffic_light 0.9872463941574097 58 290 69 306
traffic_light 0.9865105748176575 449 192 492 266
traffic_light 0.986136794090271 464 254 486 278
traffic_light 0.9859711527824402 76 289 85 305
traffic_light 0.9857240319252014 136 291 145 306
traffic_light 0.9814567565917969 447 204 473 278
traffic_light 0.9543997645378113 453 248 475 280
traffic_light 0.9477964639663696 178 323 199 338
traffic_light 0.9455540180206299 353 257 369 276
traffic_light 0.9076727628707886 142 273 153 304
traffic_light 0.8875667452812195 0 70 8 83
traffic_light 0.8827404975891113 60 292 71 315
traffic_light 0.8801478147506714 147 281 156 303
traffic_light 0.8791601061820984 352 209 387 281
traffic_light 0.8499290943145752 168 299 198 332
traffic_light 0.8236199617385864 477 247 497 273
traffic_light 0.796798050403595 142 308 185 327
traffic_light 0.7953347563743591 158 290 171 309
traffic_light 0.772329568862915 431 241 459 273
traffic_light 0.7634986639022827 334 200 373 282
traffic_light 0.747786819934845 111 300 124 316
traffic_light 0.744213879108429 97 284 108 314
traffic_light 0.7229457497596741 88 225 113 258
traffic_light 0.5693029165267944 447 290 487 325
traffic_light 0.5594240427017212 405 181 438 225
fire_hydrant 0.6080352067947388 613 310 621 324
backpack 0.5678861737251282 396 180 438 265
