bird 0.9870679974555969 319 197 556 392
bird 0.9546589255332947 365 206 489 321
bird 0.906252920627594 199 214 449 388
bird 0.5275300145149231 54 266 434 397
bird 0.5142678618431091 502 86 576 180
bowl 0.5860986113548279 1 152 330 198
elephant 0.9980035424232483 9 0 558 253
elephant 0.9436970353126526 8 1 374 177
elephant 0.9390464425086975 196 0 508 142
elephant 0.9270671606063843 0 88 507 383
elephant 0.917548656463623 202 93 619 305
elephant 0.9048981070518494 307 0 558 246
elephant 0.8969050049781799 489 0 618 154
elephant 0.8615612983703613 406 1 622 231
elephant 0.7707841396331787 140 177 630 389
elephant 0.7325669527053833 185 67 459 251
elephant 0.6533703804016113 2 158 486 281
elephant 0.6457614898681641 283 0 490 97
elephant 0.6111509799957275 371 101 575 247
elephant 0.5467751026153564 136 72 347 243
elephant 0.5039225816726685 0 325 639 421
bear 0.8148443102836609 142 73 341 238
