person 0.999697208404541 528 136 616 275
person 0.9981369972229004 309 162 414 306
person 0.9979799389839172 201 125 216 159
person 0.9967849254608154 250 129 268 162
person 0.9964953064918518 272 129 295 161
person 0.9963430762290955 216 122 231 153
person 0.9960587024688721 409 180 523 327
person 0.9960022568702698 260 125 277 158
person 0.9946263432502747 171 130 188 159
person 0.9943222999572754 286 136 304 162
person 0.991962730884552 200 122 212 145
person 0.9903069734573364 611 106 628 141
person 0.9893513321876526 270 119 288 143
person 0.9866181015968323 263 133 283 162
person 0.986292839050293 77 88 91 111
person 0.9858004450798035 151 140 169 159
person 0.9851229786872864 178 95 195 115
person 0.9826921224594116 288 86 307 120
person 0.9824970364570618 83 99 101 121
person 0.9823809862136841 223 124 239 161
person 0.9800833463668823 224 144 239 162
person 0.9794201254844666 221 121 234 139
person 0.9774353504180908 341 92 357 110
person 0.974334716796875 213 144 228 160
person 0.9737338423728943 357 145 400 212
person 0.9722177982330322 62 93 79 123
person 0.9717065691947937 146 90 166 113
person 0.9651196002960205 247 77 271 112
person 0.960936427116394 147 142 163 159
person 0.9558823108673096 239 144 254 162
person 0.9499009847640991 41 83 56 103
person 0.9488998651504517 183 134 200 161
person 0.9335975050926208 581 112 610 151
person 0.9332379102706909 204 108 222 128
person 0.9194753170013428 541 127 577 176
person 0.9183040261268616 572 119 595 150
person 0.9181855916976929 133 93 155 117
person 0.9149169325828552 341 146 375 213
person 0.9130396246910095 420 167 488 264
person 0.9005542397499084 256 139 276 162
person 0.8775854706764221 24 84 43 109
person 0.8745150566101074 346 148 370 182
person 0.86846524477005 594 100 619 136
person 0.8576692342758179 375 143 390 158
person 0.8472597002983093 87 85 109 106
person 0.807966947555542 307 94 332 114
person 0.7967382073402405 159 136 175 158
person 0.7943831086158752 45 86 68 111
person 0.7928537726402283 280 121 302 139
person 0.7748112678527832 95 99 124 122
person 0.7010344862937927 378 145 403 164
person 0.6727186441421509 338 136 357 152
person 0.650143563747406 445 163 485 229
person 0.6442328095436096 550 124 582 158
person 0.6289737820625305 413 148 433 166
person 0.5883417725563049 435 97 451 108
person 0.5844514966011047 422 148 439 166
person 0.5617609620094299 397 225 482 317
person 0.5516211986541748 314 82 358 110
person 0.5349620580673218 312 146 330 162
sports_ball 0.9962640404701233 243 285 266 310
sports_ball 0.9853506088256836 462 252 481 271
sports_ball 0.884416401386261 448 272 508 320
sports_ball 0.7860975861549377 453 208 484 243
sports_ball 0.6892579793930054 417 251 479 311
sports_ball 0.6584736108779907 26 153 92 189
sports_ball 0.6551544070243835 585 207 629 231
sports_ball 0.5873553156852722 240 286 272 320
bench 0.9880608320236206 314 108 407 133
bench 0.7705017328262329 263 112 635 194
bench 0.7282947897911072 543 211 617 248
bench 0.6473673582077026 350 100 393 119
bench 0.6148210167884827 575 160 615 194
bench 0.6067532896995544 528 94 566 121
bench 0.5313411355018616 501 113 530 139
