dining_table 0.9866500496864319 0 0 499 330
dining_table 0.9430936574935913 0 0 126 329
dining_table 0.9258625507354736 0 0 130 160
dining_table 0.9243038892745972 0 0 499 115
dining_table 0.9205907583236694 305 148 494 331
dining_table 0.7785062193870544 1 274 154 332
dining_table 0.7147538065910339 94 0 200 25
cup 0.6851587891578674 0 172 25 326
cup 0.5071755051612854 0 178 62 330
bird 0.637031078338623 137 45 193 89
dog 0.8344936370849609 77 68 233 295
dog 0.7670630216598511 85 45 351 290
dog 0.6584162712097168 70 67 160 245
dog 0.6213167905807495 143 36 275 148
dog 0.5921734571456909 162 4 348 137
dog 0.5768480896949768 200 121 389 294
dog 0.532435417175293 95 1 400 211
dog 0.5090413093566895 1 4 161 269
bowl 0.8079839944839478 5 0 484 331
bowl 0.6079102158546448 118 233 201 289
sheep 0.8306729197502136 251 11 344 89
sheep 0.7881779670715332 242 26 311 80
sheep 0.7876796126365662 290 15 372 98
sheep 0.768369197845459 181 19 267 75
sheep 0.7650142908096313 215 3 313 77
sheep 0.6771209239959717 230 41 342 123
sheep 0.653176486492157 303 47 404 163
sheep 0.6380550861358643 143 78 222 147
sheep 0.6092612147331238 169 9 335 105
sheep 0.6067734956741333 314 48 380 133
sheep 0.5065393447875977 100 62 185 125
cake 0.8721885085105896 41 3 447 303
