potted_plant 0.993591845035553 283 130 329 159
potted_plant 0.9922887682914734 269 161 338 191
potted_plant 0.8095627427101135 258 152 374 231
potted_plant 0.7550565600395203 486 140 530 169
potted_plant 0.6857661008834839 0 206 80 253
potted_plant 0.6496347188949585 126 99 174 117
potted_plant 0.6383183002471924 239 149 370 190
potted_plant 0.6364184021949768 106 130 143 140
potted_plant 0.6352313160896301 85 132 172 173
potted_plant 0.589823305606842 424 37 476 100
potted_plant 0.5304098725318909 129 96 175 108
potted_plant 0.5134680867195129 279 144 328 163
dining_table 0.7926716804504395 112 143 226 166
dining_table 0.7324911952018738 140 142 229 152
dining_table 0.5963628888130188 115 143 326 183
tv 0.8740643262863159 0 90 42 114
tv 0.6028906106948853 479 111 541 134
cat 0.7706063985824585 422 167 488 188
book 0.5782119035720825 481 108 541 132
book 0.5634157657623291 486 166 539 180
clock 0.526457667350769 423 45 463 69
vase 0.6396356821060181 290 132 311 145
chair 0.9828553795814514 159 147 236 187
chair 0.9653406143188477 104 138 201 192
chair 0.9197271466255188 0 150 145 275
chair 0.9073994755744934 432 158 527 222
chair 0.8213928937911987 191 144 239 164
chair 0.8051502108573914 487 119 639 273
chair 0.7943588495254517 0 203 115 288
chair 0.7830726504325867 267 149 499 235
chair 0.7718408107757568 99 142 162 177
chair 0.7281803488731384 462 162 549 203
chair 0.692886471748352 195 139 227 147
chair 0.6358678936958313 4 180 144 238
chair 0.5731614232063293 111 159 190 190
chair 0.5612435936927795 556 119 639 182
chair 0.55540931224823 85 178 147 213
chair 0.5177972316741943 250 164 360 240
chair 0.5094905495643616 369 167 539 229
couch 0.9485548138618469 247 148 505 237
couch 0.8886820077896118 491 172 640 273
couch 0.8843663930892944 296 117 637 236
couch 0.880544900894165 0 150 144 272
couch 0.6327590346336365 0 152 95 213
