traffic_light 0.8975484371185303 70 1 409 381
traffic_light 0.8887635469436646 407 507 454 557
traffic_light 0.7913099527359009 30 632 63 640
traffic_light 0.7826247215270996 298 0 417 338
traffic_light 0.7396000623703003 391 465 454 569
traffic_light 0.7315016388893127 415 513 463 587
traffic_light 0.6938801407814026 310 102 400 389
traffic_light 0.675980806350708 0 235 15 441
traffic_light 0.6680217385292053 106 0 460 634
traffic_light 0.6630657911300659 28 374 454 633
traffic_light 0.6507064700126648 396 256 460 567
traffic_light 0.6079738736152649 23 628 56 640
traffic_light 0.5486475229263306 378 223 462 396
traffic_light 0.5181514620780945 309 100 438 535
traffic_light 0.5065776109695435 312 236 452 445
traffic_light 0.5009113550186157 544 304 633 639
stop_sign 0.996005117893219 129 205 311 340
stop_sign 0.9831620454788208 73 141 337 375
stop_sign 0.9749653935432434 124 194 257 304
stop_sign 0.9562892913818359 149 310 309 372
stop_sign 0.9491071701049805 165 169 311 292
stop_sign 0.8707212805747986 49 380 344 635
stop_sign 0.8613908290863037 111 292 407 378
stop_sign 0.6301904320716858 67 308 165 366
stop_sign 0.6117346286773682 99 316 269 368
stop_sign 0.5879880785942078 224 176 306 251
cup 0.9336385726928711 326 426 458 616
cup 0.6647799611091614 390 514 475 639
cup 0.6540301442146301 316 290 428 460
cup 0.5499743223190308 307 278 414 397
bird 0.9204543828964233 361 1 409 82
bird 0.9189558029174805 299 0 414 105
bird 0.7341846823692322 283 1 416 193
bird 0.6457191109657288 402 223 458 334
bird 0.6298121809959412 323 25 417 301
bird 0.6090245842933655 426 226 458 321
scissors 0.9475736618041992 368 226 475 633
scissors 0.8227238059043884 300 0 471 637
