bird 0.8796850442886353 619 320 639 348
bird 0.8603103756904602 243 265 344 296
bird 0.7823256254196167 218 64 234 75
bird 0.731535792350769 202 258 321 289
bird 0.7165677547454834 419 249 606 301
bird 0.684377908706665 528 52 562 76
bird 0.6657936573028564 167 255 369 299
bird 0.6155561208724976 54 49 76 71
bird 0.6128204464912415 44 136 58 146
bird 0.5968394875526428 476 0 505 4
bird 0.5677743554115295 308 258 562 301
bird 0.5271602869033813 73 71 89 85
bird 0.5260902047157288 458 49 529 97
bird 0.5131098628044128 198 216 369 277
bird 0.5098996758460999 49 45 68 65
person 0.9973254203796387 321 139 383 206
person 0.9950136542320251 351 139 387 172
person 0.9925771355628967 345 139 385 193
person 0.9909351468086243 356 137 370 148
person 0.9898338317871094 361 138 379 152
person 0.9886569380760193 353 137 384 157
person 0.98488450050354 351 139 364 153
person 0.9804159998893738 352 140 373 164
person 0.9772700071334839 318 162 351 199
person 0.9649428129196167 366 142 389 167
person 0.9579717516899109 338 143 361 180
person 0.9574403762817383 328 164 360 194
person 0.9560694694519043 280 192 307 210
person 0.9331452250480652 301 174 339 207
person 0.885457456111908 285 176 327 206
person 0.8138450980186462 340 178 364 202
person 0.7777358293533325 231 149 592 298
person 0.7727876305580139 164 38 190 58
person 0.7561200857162476 334 36 351 51
person 0.6554706692695618 154 34 168 52
person 0.6278105974197388 266 142 377 214
person 0.6207349896430969 32 45 51 64
person 0.5986522436141968 214 53 245 72
person 0.5888414978981018 10 247 105 276
person 0.5432640910148621 71 65 84 79
person 0.5318362712860107 174 39 194 58
person 0.5155553221702576 256 187 320 215
person 0.5031704306602478 66 71 79 83
surfboard 0.7659645080566406 311 192 354 213
surfboard 0.6314183473587036 322 187 359 209
surfboard 0.6189894676208496 263 194 346 221
surfboard 0.5838824510574341 251 195 298 218
boat 0.9958829879760742 245 139 394 220
boat 0.9724811911582947 245 170 364 221
boat 0.7866783738136292 109 129 554 237
boat 0.7369954586029053 246 189 333 221
