bed 0.9996638298034668 3 323 454 633
bed 0.9972193241119385 0 9 479 633
bed 0.9894415140151978 0 451 292 633
bed 0.9364858865737915 360 24 479 633
bed 0.9281188249588013 41 282 429 437
bed 0.8362711071968079 414 24 479 529
bed 0.7408967614173889 102 286 418 336
bed 0.6025044322013855 445 279 479 597
tv 0.5104374885559082 384 22 479 294
cat 0.9826715588569641 87 357 300 469
cat 0.868554413318634 215 338 410 472
dog 0.8335351943969727 59 335 406 478
book 0.9270910620689392 149 292 285 333
book 0.922812283039093 285 313 420 337
book 0.8744478821754456 267 295 413 326
book 0.8484879732131958 180 290 421 335
book 0.657701849937439 91 292 305 349
clock 0.5360090732574463 425 29 480 93
umbrella 0.8006464838981628 4 0 421 308
umbrella 0.5102927088737488 22 0 349 51
