toilet 0.9997679591178894 344 425 426 592
toilet 0.9990422129631042 148 314 294 549
toilet 0.9984591007232666 188 481 289 537
toilet 0.9957554340362549 82 220 208 580
toilet 0.9895192384719849 67 20 160 275
toilet 0.9862538576126099 53 583 122 639
toilet 0.9845287203788757 25 530 123 639
toilet 0.9833011627197266 2 4 199 596
toilet 0.9773498177528381 27 417 133 634
toilet 0.9741843342781067 95 239 420 630
toilet 0.9526626467704773 52 35 287 593
toilet 0.9369786977767944 128 220 208 427
toilet 0.9361314177513123 0 196 9 317
toilet 0.8861287832260132 0 238 37 621
toilet 0.8816141486167908 80 0 171 55
toilet 0.8773212432861328 17 68 210 306
toilet 0.8512520790100098 0 3 120 310
toilet 0.8385580778121948 363 547 426 638
toilet 0.7534414529800415 5 2 208 142
toilet 0.7424121499061584 16 192 82 265
toilet 0.7404429316520691 368 436 424 482
toilet 0.7316761612892151 0 547 24 639
toilet 0.7035214900970459 0 246 37 355
toilet 0.6787247657775879 89 236 162 284
toilet 0.6231331825256348 203 480 274 521
toilet 0.597946286201477 95 550 378 636
toilet 0.5611045360565186 0 321 34 396
toilet 0.5487207770347595 153 0 217 27
toilet 0.5414315462112427 169 2 425 306
bottle 0.5614963173866272 351 363 363 378
bottle 0.537202775478363 350 367 367 386
cup 0.5682358741760254 384 450 426 531
cup 0.5300885438919067 3 322 32 352
sink 0.9736006855964661 226 24 379 122
sink 0.7564176321029663 374 42 426 116
sink 0.7443305850028992 304 581 420 637
sink 0.6988955140113831 315 3 426 83
hair_drier 0.9793238639831543 7 66 78 143
hair_drier 0.7551870346069336 34 70 73 107
hair_drier 0.6203216910362244 1 68 86 235
toothbrush 0.999355137348175 160 435 174 523
toothbrush 0.9986555576324463 163 438 174 487
toothbrush 0.9869601726531982 159 436 184 551
toothbrush 0.6568638682365417 178 311 197 470
toothbrush 0.5818148851394653 171 415 197 492
