person 0.9996424913406372 135 395 300 637
person 0.9975156784057617 185 0 253 70
person 0.9957913160324097 258 10 313 80
person 0.9936398863792419 396 0 464 52
person 0.9901096820831299 220 0 282 72
person 0.989586591720581 109 0 197 61
person 0.9893731474876404 43 0 123 54
person 0.9889768958091736 462 64 481 190
person 0.9834445714950562 459 0 481 25
person 0.9802209138870239 317 0 378 88
person 0.9795733690261841 0 0 22 37
person 0.9777306318283081 341 0 460 63
person 0.9772312641143799 78 0 145 51
person 0.9742541909217834 457 41 480 251
person 0.9721025228500366 0 0 67 43
person 0.9670903086662292 148 0 206 64
person 0.9653390645980835 154 575 301 639
person 0.9642586708068848 94 0 158 29
person 0.9431068301200867 17 0 96 39
person 0.941262423992157 316 13 354 81
person 0.9394295811653137 128 0 200 21
person 0.9365758299827576 433 0 471 20
person 0.9309541583061218 75 0 132 23
person 0.9293822646141052 242 10 293 78
person 0.927579939365387 291 0 339 38
person 0.9140912294387817 318 0 360 44
person 0.9061586856842041 344 0 413 23
person 0.900048017501831 196 0 258 40
person 0.8906678557395935 475 127 480 265
person 0.880398154258728 287 0 341 80
person 0.8657168745994568 135 299 234 633
person 0.85984206199646 419 2 480 59
person 0.8297556638717651 353 5 415 90
person 0.8231217861175537 98 17 153 58
person 0.786281168460846 269 0 311 26
person 0.7583173513412476 37 18 85 49
person 0.7482630014419556 123 546 246 635
person 0.7217000126838684 59 0 287 60
person 0.6874256134033203 281 0 317 41
person 0.6215595602989197 0 6 480 371
person 0.6062026619911194 0 130 92 206
person 0.5903230309486389 153 301 212 447
person 0.5030313730239868 300 206 481 289
person 0.5016042590141296 218 30 247 70
umbrella 0.6498503088951111 0 139 296 256
sports_ball 0.9990322589874268 133 301 157 327
sports_ball 0.8831279277801514 135 301 175 328
sports_ball 0.8366126418113708 133 299 196 338
sports_ball 0.7879493236541748 159 304 205 390
sports_ball 0.745979905128479 130 556 186 625
chair 0.846806526184082 245 81 291 178
chair 0.6019024848937988 251 102 332 195
