person 0.9999951124191284 224 121 443 375
person 0.9942499399185181 9 6 489 388
person 0.9806566834449768 226 178 347 378
person 0.9745486974716187 0 1 58 316
person 0.9349063634872437 616 0 640 98
person 0.9283684492111206 0 28 7 110
person 0.9275617599487305 0 93 4 178
person 0.9149029850959778 0 0 103 80
person 0.9148160815238953 245 125 404 268
person 0.9065214991569519 616 100 639 183
person 0.9030408263206482 618 123 639 149
person 0.8966319561004639 275 181 563 380
person 0.8013633489608765 0 0 33 6
person 0.7992735505104065 546 199 637 311
person 0.7836326956748962 -3 83 91 215
person 0.771820068359375 2 0 515 59
person 0.7444982528686523 0 1 640 123
person 0.7150540947914124 246 314 310 373
person 0.7146818041801453 0 2 8 21
person 0.698786735534668 232 313 375 372
person 0.6891800165176392 0 0 41 12
person 0.6808212995529175 384 178 612 344
person 0.6757205724716187 527 0 581 12
person 0.6163891553878784 0 8 18 21
person 0.6035993099212646 540 0 586 20
person 0.5906193256378174 0 0 105 3
person 0.5869784355163574 307 281 429 361
car 0.7770984172821045 408 185 540 241
car 0.6313219666481018 412 185 518 217
snowboard 0.9589617252349854 370 336 470 358
snowboard 0.9536941647529602 211 348 448 379
snowboard 0.9225823879241943 223 337 469 371
snowboard 0.9217916131019592 344 339 485 369
snowboard 0.9154654741287231 198 358 352 377
snowboard 0.7148653864860535 127 358 360 384
cup 0.7109265923500061 247 317 283 357
