tie 0.9982372522354126 377 317 474 412
tie 0.9938606023788452 422 354 460 410
tie 0.9631217122077942 320 272 489 418
tie 0.9588181376457214 433 369 472 411
tie 0.8354249596595764 423 328 558 416
person 0.9980226755142212 248 30 612 417
laptop 0.8402335047721863 44 36 451 432
cell_phone 0.6813581585884094 75 39 309 412
cell_phone 0.6614266037940979 533 41 610 413
toothbrush 0.6618196368217468 198 399 579 416
toothbrush 0.6574445366859436 340 27 453 37
toothbrush 0.5699384808540344 322 29 461 43
umbrella 0.6414003372192383 4 262 634 424
umbrella 0.5884810090065002 338 27 530 48
umbrella 0.5719311833381653 64 387 342 410
