person 0.9542662501335144 266 211 336 319
person 0.8610215783119202 162 215 188 266
person 0.8219276666641235 178 117 209 140
person 0.8119917511940002 351 220 368 248
person 0.8067620992660522 176 225 205 267
person 0.7941819429397583 166 115 194 140
person 0.7847127914428711 143 210 185 267
person 0.7809235453605652 334 210 358 239
person 0.777973473072052 81 241 115 283
person 0.7741181254386902 304 224 324 262
person 0.7320435643196106 288 216 318 262
person 0.7284303903579712 322 209 351 259
person 0.7256318926811218 297 215 319 240
person 0.7205700874328613 339 222 356 257
person 0.7014215588569641 295 167 437 363
person 0.6717009544372559 94 216 135 274
person 0.6537759900093079 274 215 301 240
person 0.6508705019950867 121 213 162 266
person 0.606206476688385 591 228 639 312
person 0.6057989001274109 313 204 343 231
person 0.603226363658905 197 151 230 176
person 0.5928961038589478 186 116 235 155
person 0.5466815233230591 102 138 139 193
person 0.5422654151916504 37 225 78 272
person 0.5415521264076233 201 200 233 252
person 0.5121404528617859 208 221 232 255
person 0.5117459893226624 83 182 152 264
truck 0.9951017498970032 0 71 272 297
truck 0.9588344693183899 410 145 638 275
skateboard 0.9752998948097229 283 300 377 365
skateboard 0.9660354256629944 257 277 311 326
skateboard 0.9315968155860901 361 278 389 303
skateboard 0.6946761012077332 357 204 477 274
skateboard 0.6745542883872986 276 259 304 300
skateboard 0.542386531829834 428 208 528 261
skateboard 0.5055393576622009 401 212 451 268
bench 0.9772870540618896 423 275 639 413
bench 0.6430498361587524 121 271 263 310
bench 0.5717928409576416 103 241 259 307
teddy_bear 0.5264332294464111 219 216 259 257
