person 0.8380364775657654 0 244 239 333
dining_table 0.993224561214447 422 123 499 332
dining_table 0.978549063205719 0 0 499 333
dining_table 0.9723816514015198 158 120 499 335
dining_table 0.9401668906211853 0 0 499 138
dining_table 0.8785637021064758 0 0 194 237
dining_table 0.8185017704963684 0 0 189 96
dining_table 0.7985600233078003 424 0 500 135
dining_table 0.6016489863395691 117 321 475 333
cup 0.9482060074806213 181 0 459 180
cup 0.9242067933082581 232 160 471 332
cup 0.9037062525749207 0 32 216 283
cup 0.8175442218780518 84 26 497 333
spoon 0.8440984487533569 261 46 303 187
spoon 0.7823150753974915 242 28 284 195
spoon 0.7453052997589111 180 18 277 299
spoon 0.5558034777641296 181 167 459 331
spoon 0.5107118487358093 0 161 270 332
bowl 0.7705713510513306 239 162 468 305
broccoli 0.7474510669708252 0 299 69 333
cake 0.5250977277755737 0 273 169 333
