bed 0.6422273516654968 1 5 212 626
person 0.9964445233345032 0 6 425 633
person 0.6888948082923889 121 3 422 381
person 0.5601262450218201 170 294 423 397
remote 0.8755404949188232 145 292 315 370
remote 0.7964698672294617 109 346 230 390
remote 0.7290738224983215 181 160 392 333
remote 0.5697812438011169 105 269 421 393
remote 0.5274912118911743 144 167 300 291
cat 0.5113667845726013 104 109 416 394
teddy_bear 0.564144492149353 110 3 413 385
couch 0.9571605920791626 0 1 425 632
couch 0.897978663444519 320 2 425 309
couch 0.8661321997642517 1 126 197 311
couch 0.8643456101417542 1 0 232 140
couch 0.8610779047012329 0 1 425 155
couch 0.8562618494033813 0 0 425 317
couch 0.6046228408813477 139 296 426 635
couch 0.5308416485786438 0 240 287 635
