bus 217 73 270 131
bus 1 51 121 151
bus 178 68 224 134
bus 258 77 297 122
bus 87 61 185 145
backpack 193 113 206 132
suitcase 341 138 364 158
suitcase 348 128 369 150
suitcase 198 134 211 154
suitcase 74 141 100 166
suitcase 40 138 61 170
person 319 85 487 325
person 371 104 390 151
person 336 101 352 139
person 325 103 348 162
person 471 102 493 164
person 182 106 202 159
person 159 107 173 154
person 295 98 319 159
person 50 104 69 169
person 106 119 134 167
person 11 102 28 168
person 28 109 44 167
bus 289 83 317 107
handbag 372 113 389 129
handbag 329 138 350 157
suitcase 174 137 197 158
suitcase 114 149 137 166
handbag 463 236 493 281
suitcase 316 135 330 155
suitcase 383 130 398 147
person 370 87 377 102
backpack 168 120 176 132
