teddy_bear 182 279 235 364
teddy_bear 438 199 459 229
teddy_bear 415 228 450 253
teddy_bear 502 221 529 253
person 38 227 237 423
person 186 197 298 420
person 1 170 58 259
person 283 137 343 310
person 331 170 366 281
person 441 171 474 284
person 414 217 442 300
person 34 198 101 320
person 225 157 298 342
person 375 130 424 292
umbrella 370 143 468 168
teddy_bear 364 209 377 234
teddy_bear 222 283 290 368
person 351 151 377 249
person 575 145 636 260
chair 82 178 94 214
chair 0 201 34 264
chair 214 191 223 230
person 523 190 548 251
person 1 132 633 288
