cell_phone 153 188 424 263
person 114 108 545 480
person 468 91 498 181
person 430 88 462 183
person 401 117 429 180
bench 36 150 68 167
person 370 98 390 135
person 355 92 372 121
person 13 99 20 119
person 339 100 353 111
bird 26 168 35 179
bird 8 168 18 175
umbrella 393 87 434 120
person 30 114 62 168
person 388 98 408 157
bird 206 163 215 169
bird 201 158 208 165
bird 39 177 54 185
bird 3 176 10 184
bird 193 165 203 172
bird 224 163 231 169
bird 190 155 196 162
bird 36 176 45 183
bird 66 172 68 176
bird 231 156 237 164
bird 219 159 227 164
