sports_ball 389 200 394 204
chair 375 19 386 33
chair 359 18 371 33
chair 349 7 360 19
tennis_racket 103 131 127 141
person 3 235 61 311
person 89 112 119 178
person 568 84 586 120
person 555 90 572 116
person 532 86 559 117
person 512 76 537 100
person 447 77 468 105
person 482 92 504 125
person 518 96 535 115
tennis_racket 487 220 502 239
chair 299 7 312 21
chair 375 8 387 22
chair 131 27 148 36
chair 472 123 480 155
person 632 103 640 124
person 496 75 510 102
person 512 124 531 142
person 482 208 547 324
chair 285 7 297 22
person 1 0 639 289
