bicycle 87 357 130 461
car 320 292 446 401
car 516 301 546 320
car 460 302 509 347
car 367 280 453 358
car 158 264 323 417
person 76 225 155 433
person 505 305 519 343
traffic_light 390 251 401 270
traffic_light 338 192 345 209
traffic_light 324 245 334 265
person 567 298 583 321
traffic_light 524 268 528 273
person 162 255 189 324
traffic_light 306 237 319 267
traffic_light 512 266 518 274
traffic_light 581 276 586 287
person 591 300 597 320
person 5 286 35 362
bicycle 546 304 552 315
car 600 296 633 316
motorcycle 35 301 84 405
traffic_light 492 287 497 296
backpack 84 296 130 359
car 551 273 567 284
car 535 279 549 295
car 545 284 557 299
truck 158 263 323 413
truck 460 302 510 346
