person 203 65 288 201
person 242 133 319 246
pizza 223 270 264 291
pizza 240 282 266 297
pizza 252 232 297 257
pizza 386 143 407 151
cell_phone 442 9 449 17
person 288 288 411 418
person 300 92 353 190
person 440 211 543 384
person 428 0 467 103
person 497 65 608 240
person 57 290 198 417
person 144 179 237 340
person 209 12 256 106
person 104 0 188 215
person 41 0 146 200
pizza 268 335 291 377
pizza 328 257 370 272
pizza 313 206 340 222
pizza 340 184 371 193
pizza 399 128 419 136
pizza 408 168 434 180
pizza 147 349 211 379
pizza 318 291 345 308
dining_table 175 303 254 364
person 330 19 399 116
pizza 138 342 188 359
dining_table 132 115 448 416
pizza 353 109 482 228
person 1 1 639 373
