bicycle 366 359 461 427
bus 47 313 126 354
person 305 335 316 362
person 248 335 256 362
person 237 336 244 361
person 393 315 435 418
person 448 336 459 348
person 150 336 157 355
person 183 341 192 356
clock 70 110 99 137
clock 45 112 55 136
truck 559 305 639 361
truck 534 319 572 357
traffic_light 157 289 166 320
traffic_light 304 311 317 326
person 127 333 135 367
person 85 336 102 369
bus 16 320 48 352
traffic_light 318 315 323 324
traffic_light 212 312 224 325
person 253 335 261 361
person 132 335 151 368
motorcycle 490 342 507 360
handbag 428 364 457 382
person 441 338 447 357
backpack 308 340 315 351
person 277 335 285 363
motorcycle 219 346 235 357
person 21 333 541 373
