bottle 326 69 333 91
bottle 338 59 350 92
bottle 349 63 359 93
bottle 359 57 371 92
bottle 370 59 381 92
bottle 379 55 393 93
bottle 380 137 388 156
bottle 392 61 401 92
bottle 389 140 395 157
bottle 400 139 407 156
banana 151 281 249 323
banana 131 237 210 320
banana 200 213 318 256
banana 273 260 422 323
banana 292 247 330 268
apple 243 290 296 323
apple 207 241 247 279
apple 170 261 219 305
apple 331 262 367 282
person 400 64 500 326
person 263 113 371 274
person 0 97 145 322
person 149 120 202 225
person 81 131 217 321
bottle 394 139 400 156
bottle 333 69 339 92
apple 275 282 307 304
apple 220 273 261 296
bottle 364 116 370 132
