teddy_bear 301 212 391 348
backpack 324 232 331 255
backpack 302 73 325 109
person 263 46 340 242
person 505 103 573 202
person 334 289 443 422
person 383 219 494 414
person 238 262 363 428
person 134 262 283 422
person 40 230 154 428
person 0 266 70 422
person 104 118 196 298
person 220 156 294 339
person 315 172 393 259
person 419 162 477 293
backpack 556 336 629 428
backpack 0 217 52 276
backpack 549 64 578 116
backpack 433 230 465 277
person 349 73 396 168
handbag 132 193 192 304
handbag 154 364 201 427
handbag 579 131 638 224
handbag 521 76 542 111
handbag 312 39 325 74
cell_phone 129 157 140 171
backpack 286 243 305 271
handbag 360 388 427 427
person 1 0 639 427
