train 0 91 574 264
person 230 156 250 195
person 240 185 284 238
suitcase 332 230 353 259
suitcase 299 198 317 222
suitcase 222 231 248 273
person 559 187 578 211
suitcase 254 232 276 268
suitcase 206 236 232 275
suitcase 286 231 308 263
suitcase 246 239 254 269
suitcase 275 239 287 255
car 611 205 624 220
backpack 431 263 460 295
backpack 458 262 479 293
suitcase 305 246 319 263
suitcase 389 206 402 222
suitcase 378 204 389 221
suitcase 355 210 367 221
car 582 194 615 223
backpack 276 253 302 266
suitcase 287 211 298 222
handbag 459 261 478 292
handbag 317 248 331 263
backpack 319 250 330 261
backpack 330 210 346 222
