motorcycle 218 250 640 453
person 252 106 318 321
person 498 107 547 203
person 353 95 387 180
person 171 91 219 191
person 0 151 210 415
person 557 90 613 235
person 303 61 545 446
apple 214 220 260 247
handbag 557 144 568 169
person 12 158 77 223
bicycle 156 148 247 224
dog 302 164 429 287
backpack 43 196 106 287
handbag 171 114 188 169
handbag 12 197 106 284
handbag 351 143 359 155
handbag 133 130 158 179
handbag 177 151 201 190
banana 0 386 34 437
person 117 106 172 179
person 249 88 311 183
person 215 98 239 149
car 509 98 637 206
umbrella 0 6 132 36
apple 211 236 253 253
apple 221 220 230 230
person 223 102 262 160
person 48 99 127 179
person 137 85 639 203
