tv 469 187 504 256
bottle 76 103 91 128
bottle 46 106 56 124
dining_table 500 303 640 422
bed 303 187 356 260
cell_phone 580 406 612 427
refrigerator 18 153 148 421
book 507 270 544 284
book 501 291 544 306
book 502 285 544 300
book 518 239 543 246
book 507 200 550 211
book 504 274 539 291
bottle 236 292 258 312
couch 168 214 233 244
potted_plant 496 38 556 131
book 498 210 551 222
chair 562 286 639 315
book 500 283 542 296
book 518 245 540 249
book 508 168 550 173
book 506 171 553 178
microwave 160 286 234 324
book 502 310 539 345
book 497 100 568 312
