horse 181 249 263 293
horse 90 282 191 331
horse 361 209 437 255
motorcycle 316 291 386 325
motorcycle 356 251 412 280
motorcycle 101 216 148 242
motorcycle 243 196 286 219
bench 502 189 545 208
bench 312 196 353 214
bench 183 199 222 216
bench 132 200 172 217
person 140 284 166 322
person 321 271 349 312
person 92 180 115 211
person 219 245 240 277
person 44 185 55 213
person 367 235 389 275
person 394 205 413 240
person 57 179 69 214
person 224 186 234 212
horse 359 180 416 219
person 115 205 129 239
person 18 182 30 215
person 335 273 361 304
person 106 206 120 231
person 1 175 438 334
