person 156 17 383 512
person 6 110 193 512
person 108 122 192 234
person 568 171 640 406
wine_glass 132 210 166 299
wine_glass 486 285 603 420
wine_glass 329 144 372 263
person 0 371 35 511
bottle 443 250 456 307
bottle 466 248 476 307
bottle 475 246 488 307
bottle 484 245 499 306
bottle 441 173 454 229
bottle 398 203 429 218
bottle 396 220 430 236
bottle 397 256 431 272
bottle 446 339 458 385
bottle 466 337 480 389
bottle 491 341 507 393
bottle 453 248 467 308
bottle 398 185 428 201
bottle 138 48 626 388
