car 581 2 640 99
car 105 0 238 54
motorcycle 4 46 517 528
person 251 37 456 306
person 162 1 208 128
person 64 17 109 138
person 540 24 583 130
person 529 9 549 123
person 431 14 477 84
person 334 25 361 85
person 27 24 77 144
person 511 15 536 119
person 149 49 171 71
backpack 162 17 193 55
handbag 21 42 53 85
handbag 71 37 98 78
handbag 230 107 243 132
handbag 431 49 454 83
handbag 373 23 387 61
handbag 411 129 443 185
apple 399 30 403 34
person 477 16 517 58
handbag 349 51 380 84
person 228 4 276 196
