chair 131 310 282 427
chair 348 291 512 421
chair 497 271 637 425
chair 597 211 637 274
chair 353 185 372 207
dining_table 186 217 424 306
cup 302 234 320 251
spoon 217 266 227 282
handbag 591 271 629 418
person 249 139 335 235
person 136 131 239 263
person 342 158 531 426
person 354 140 445 231
person 63 144 211 383
wine_glass 214 226 229 257
wine_glass 227 243 243 276
wine_glass 331 221 347 254
cup 246 234 260 250
spoon 512 223 521 232
chair 248 188 264 215
chair 34 227 74 422
person 543 150 600 256
bottle 387 201 407 249
wine_glass 349 239 364 270
cup 191 252 210 266
person 503 175 600 355
