car 326 217 398 253
car 364 213 421 238
car 462 214 482 241
bus 477 84 640 305
chair 75 282 164 409
truck 0 113 317 277
handbag 466 234 484 280
truck 479 118 640 302
person 430 208 476 349
person 414 202 443 342
person 97 201 203 383
person 216 193 247 289
person 0 204 28 355
person 20 229 37 283
person 136 216 182 322
person 164 191 195 242
dining_table 513 264 591 380
dining_table 367 249 414 335
dining_table 346 240 394 309
dining_table 221 235 272 308
person 24 220 71 312
handbag 174 234 205 273
chair 41 253 94 345
dining_table 25 254 47 262
car 363 211 381 220
