clock 437 41 482 86
chair 525 343 617 383
knife 539 195 565 199
knife 521 208 524 242
sink 466 259 540 274
knife 341 172 385 176
knife 540 199 565 202
knife 541 210 563 213
bowl 278 305 336 333
apple 581 241 592 244
chair 294 398 385 425
sink 407 264 464 275
refrigerator 78 286 165 415
knife 536 183 572 189
knife 533 160 579 167
knife 535 169 572 176
knife 538 191 569 194
knife 542 206 564 210
knife 351 192 378 196
knife 322 159 383 164
bowl 287 352 327 369
bowl 422 384 534 425
apple 595 240 602 244
apple 605 240 613 245
book 62 231 81 272
knife 346 186 384 192
bowl 282 357 336 391
bowl 181 358 225 396
knife 123 144 579 238
