broccoli 237 292 411 446
broccoli 253 93 358 193
broccoli 84 153 202 263
broccoli 185 245 252 309
broccoli 262 220 320 275
broccoli 360 122 511 374
bowl 20 0 623 473
broccoli 379 98 431 132
carrot 307 285 433 360
carrot 91 259 208 333
carrot 282 185 408 298
carrot 221 137 290 239
carrot 201 253 279 334
carrot 110 253 339 445
carrot 464 245 533 337
carrot 250 39 423 134
carrot 378 81 527 273
dining_table 0 0 637 480
carrot 162 83 206 167
carrot 154 31 246 87
carrot 195 88 237 216
carrot 213 56 252 144
carrot 74 84 266 306
