person 196 144 314 421
person 465 159 560 421
person 447 164 485 279
person 562 59 640 422
person 74 178 141 376
person 131 185 178 345
person 30 201 79 370
cell_phone 393 227 402 236
cell_phone 300 233 318 244
bowl 376 269 405 284
handbag 191 188 249 405
person 0 190 49 395
person 177 193 211 315
person 476 195 488 209
person 478 190 500 220
cup 282 229 295 255
book 360 216 386 238
person 328 157 423 269
handbag 170 242 185 272
cup 391 257 414 271
dining_table 309 286 528 427
person 391 177 420 221
spoon 336 261 343 271
cup 335 271 352 284
spoon 411 251 420 261
