boat 139 345 290 384
person 269 265 338 385
person 247 275 282 355
person 213 276 230 290
person 199 280 211 293
person 192 271 202 284
car 510 239 526 247
car 487 237 506 244
car 481 238 492 243
car 470 236 488 244
boat 330 249 408 270
boat 176 287 243 303
boat 142 280 232 298
person 202 250 209 261
person 608 315 628 339
person 202 271 212 289
person 189 256 196 270
car 454 236 465 244
car 544 236 561 243
boat 243 252 287 265
boat 271 242 302 262
boat 196 263 243 279
boat 574 273 615 284
boat 276 199 336 261
surfboard 153 333 278 354
person 600 265 608 273
car 497 238 507 244
car 463 237 474 245
car 507 235 515 243
boat 37 248 114 261
boat 0 244 41 269
boat 473 240 534 267
surfboard 80 367 184 426
person 581 265 591 278
person 228 250 234 260
person 591 268 598 276
boat 391 245 422 263
boat 76 369 189 425
