car 577 268 589 275
car 569 266 584 274
car 290 270 306 279
kite 145 146 175 158
kite 344 160 357 172
kite 617 20 627 34
kite 457 138 501 181
person 44 245 97 379
person 133 266 147 303
person 423 265 449 312
person 217 270 231 306
person 227 260 240 306
person 280 271 291 292
person 406 271 415 293
person 324 260 337 314
person 334 265 345 302
person 312 267 335 323
person 447 262 471 322
person 492 265 505 304
car 566 268 571 275
person 207 280 214 301
kite 167 269 184 299
person 5 257 639 327
