kite 91 111 103 124
kite 22 148 39 166
kite 45 197 63 220
kite 180 178 195 196
kite 68 16 90 49
kite 151 167 159 178
kite 163 93 176 110
kite 123 181 135 195
kite 183 141 193 155
kite 221 191 229 202
handbag 156 302 236 363
person 219 200 374 493
person 149 230 233 494
person 129 258 175 496
person 87 270 131 434
person 56 258 68 306
person 37 265 49 302
person 0 273 20 354
person 114 275 141 319
person 91 261 102 275
person 227 276 260 313
backpack 246 278 362 438
kite 267 137 280 148
kite 214 204 222 212
person 72 269 85 306
person 16 259 28 301
handbag 116 328 133 367
