backpack 109 244 123 262
handbag 417 263 432 282
suitcase 135 258 154 278
person 98 238 121 289
handbag 432 254 441 268
handbag 178 244 189 258
person 322 219 332 245
person 138 230 154 283
person 409 235 434 293
person 60 233 85 296
person 298 232 326 293
person 44 234 65 287
person 179 229 197 278
person 363 231 379 287
person 291 225 307 254
person 297 231 307 286
backpack 317 251 324 261
backpack 476 252 486 269
backpack 342 254 353 277
person 426 237 453 290
person 349 229 367 289
person 163 225 473 299
