car 382 161 566 239
car 609 162 639 221
car 18 192 51 253
bus 91 47 403 343
person 483 147 496 163
person 439 154 446 164
person 423 155 432 166
person 457 150 465 162
traffic_light 355 10 384 89
traffic_light 549 1 580 42
person 406 158 414 169
person 465 155 471 162
person 456 152 461 161
car 0 213 24 268
car 5 203 24 237
car 49 198 110 260
car 41 188 59 246
car 0 193 29 214
traffic_light 406 93 414 129
traffic_light 8 145 15 171
person 543 140 560 181
person 534 146 548 177
traffic_light 439 100 447 119
