car 108 119 134 144
motorcycle 273 277 588 439
motorcycle 198 283 339 438
motorcycle 102 232 416 438
motorcycle 74 172 250 412
person 317 116 376 226
person 351 106 406 258
person 308 109 334 218
person 383 51 415 105
person 137 111 146 146
person 318 67 328 82
person 300 69 318 83
motorcycle 44 182 96 242
motorcycle 516 136 639 254
motorcycle 456 129 574 234
motorcycle 46 169 173 307
motorcycle 47 152 139 224
truck 80 93 178 130
person 416 46 443 104
person 373 54 386 77
motorcycle 55 156 169 317
motorcycle 423 345 640 437
motorcycle 289 130 317 195
dining_table 122 91 178 101
person 345 61 371 110
person 154 115 167 132
motorcycle 384 249 558 338
truck 107 113 135 141
person 1 40 518 131
motorcycle 20 112 639 443
