broccoli 175 152 323 251
broccoli 136 248 284 341
broccoli 118 230 177 295
broccoli 449 138 563 236
broccoli 417 291 473 351
broccoli 324 110 404 161
dining_table 0 2 640 472
bottle 519 0 640 79
bowl 0 95 640 450
carrot 116 103 189 160
carrot 383 373 492 425
carrot 259 376 354 427
carrot 128 351 219 418
carrot 244 256 341 355
carrot 300 177 369 275
carrot 504 193 583 274
carrot 493 303 627 432
carrot 540 140 623 213
carrot 64 142 121 200
carrot 89 298 173 372
carrot 333 236 407 317
carrot 362 275 513 409
carrot 37 107 629 434
