car 147 354 174 371
car 210 358 221 366
car 375 355 389 367
car 100 351 135 373
car 577 336 639 381
car 223 357 233 365
car 139 357 151 371
truck 455 341 507 376
truck 336 345 365 371
truck 28 339 91 377
truck 173 353 189 368
truck 312 353 327 366
truck 576 336 639 381
truck 100 350 135 373
traffic_light 291 200 305 229
traffic_light 269 188 281 224
traffic_light 292 229 300 250
traffic_light 353 211 362 240
traffic_light 364 213 376 240
traffic_light 443 227 453 256
traffic_light 476 240 486 265
traffic_light 509 250 521 271
traffic_light 204 210 215 236
traffic_light 50 186 68 219
traffic_light 69 187 82 217
car 241 358 253 366
car 231 358 238 364
traffic_light 252 343 314 356
