wine_glass 303 566 381 640
wine_glass 415 560 457 626
wine_glass 120 367 143 412
cup 236 333 255 357
person 396 286 480 439
person 0 296 52 421
person 96 294 163 376
person 348 277 389 338
person 296 289 342 336
bottle 173 380 199 475
bottle 255 324 270 360
wine_glass 56 417 80 480
wine_glass 53 403 78 436
wine_glass 185 344 198 380
wine_glass 351 345 362 357
wine_glass 224 323 231 331
wine_glass 450 561 480 639
wine_glass 80 409 106 454
wine_glass 344 349 351 367
fork 413 489 480 499
knife 405 499 480 506
knife 416 442 451 445
knife 22 423 52 426
person 209 264 249 330
person 397 249 422 289
person 370 260 394 291
person 33 265 101 409
person 100 282 150 332
person 419 247 445 282
person 439 285 480 333
bottle 217 305 221 322
bottle 324 293 337 303
bottle 276 318 282 337
wine_glass 374 451 410 544
cup 350 479 397 570
cup 339 405 373 444
cup 330 368 348 398
cup 330 444 375 503
cup 328 395 354 424
spoon 335 542 358 553
dining_table 2 357 381 629
person 144 307 192 351
wine_glass 376 395 395 452
cup 123 368 140 378
wine_glass 63 315 429 609
