car 262 184 441 249
car 0 175 275 277
traffic_light 598 152 602 161
traffic_light 578 174 582 179
traffic_light 560 167 564 170
traffic_light 114 72 127 93
traffic_light 552 162 557 170
traffic_light 618 178 621 182
person 106 12 304 257
person 363 145 398 281
person 389 153 422 282
person 441 150 487 282
person 486 125 557 310
person 113 151 160 284
skateboard 134 223 251 367
person 229 186 248 217
person 172 185 212 278
person 255 181 271 221
car 542 182 578 209
car 576 190 599 213
car 598 194 612 207
traffic_light 623 178 627 186
traffic_light 612 182 618 187
backpack 32 177 48 208
person 9 149 42 284
traffic_light 539 152 544 157
traffic_light 596 163 600 172
traffic_light 504 67 539 98
backpack 378 181 400 204
backpack 139 171 150 179
umbrella 249 148 301 168
umbrella 288 149 324 169
car 617 193 638 211
traffic_light 581 181 585 185
handbag 454 168 481 223
cell_phone 528 139 536 149
traffic_light 103 68 567 171
