bottle 573 223 581 247
bottle 594 231 601 245
bottle 435 178 442 191
bottle 399 99 413 129
chair 200 226 298 418
chair 285 226 359 358
chair 566 249 620 262
chair 354 222 403 304
chair 528 267 589 299
chair 590 290 638 306
chair 450 284 546 298
dining_table 339 290 640 360
person 266 167 312 225
person 307 161 341 225
oven 208 220 247 230
chair 513 246 535 265
bottle 415 143 422 159
bottle 249 209 258 223
chair 337 322 472 425
dining_table 501 256 639 300
dining_table 524 223 640 262
bowl 75 157 88 162
bowl 88 157 101 162
bowl 60 156 72 163
