person 360 114 378 176
person 308 31 335 97
person 334 116 351 167
suitcase 197 266 302 326
suitcase 232 158 297 183
suitcase 133 135 195 163
suitcase 138 153 200 183
suitcase 135 178 205 205
suitcase 121 255 181 272
suitcase 101 269 205 322
suitcase 66 254 125 325
suitcase 46 223 135 253
suitcase 188 221 242 260
suitcase 2 460 138 634
suitcase 0 416 132 520
person 344 115 356 144
person 413 115 428 170
person 390 111 416 182
umbrella 80 68 194 108
person 133 113 149 140
suitcase 1 318 97 386
person 310 96 338 153
suitcase 0 56 427 535
