person 1 334 28 408
person 122 340 145 403
person 21 329 38 403
person 539 345 545 360
person 565 345 572 358
person 571 349 577 357
person 592 341 598 358
person 450 343 458 351
backpack 240 400 264 421
kite 242 121 459 229
kite 446 201 599 310
kite 271 176 419 267
kite 191 272 324 398
kite 164 141 331 344
kite 23 203 172 408
kite 349 95 640 277
kite 272 233 325 331
kite 331 240 380 402
kite 174 384 231 396
person 431 349 436 361
person 560 341 565 353
person 463 346 468 360
person 406 347 413 362
person 604 350 609 356
person 0 132 639 371
