dining_table 0 125 217 203
hot_dog 281 225 424 410
hot_dog 84 242 284 399
person 431 146 516 294
person 360 117 450 225
person 526 134 586 260
person 106 194 180 267
person 0 201 127 456
person 473 182 640 385
person 498 297 636 480
person 0 330 61 474
chair 119 154 205 218
chair 37 118 101 143
chair 0 184 84 287
book 212 25 246 78
book 627 84 634 127
book 630 72 640 129
book 617 86 631 125
book 610 70 637 128
book 195 11 237 79
person 93 20 482 480
backpack 378 37 422 87
chair 2 89 54 152
chair 127 102 172 142
book 500 161 537 177
book 612 74 632 125
