bird 256 155 308 173
bird 439 120 480 147
bird 486 198 525 235
bird 554 230 586 253
bird 440 270 464 290
bird 246 137 275 151
bird 215 252 241 267
bird 42 209 91 234
bird 50 240 72 259
bird 234 204 250 224
bird 223 189 279 207
bird 105 203 129 214
bird 147 188 167 199
bird 240 156 252 167
bird 296 183 336 201
bird 428 232 453 258
bird 478 145 496 176
bird 338 246 353 254
bird 360 93 385 104
bird 296 226 305 236
bird 282 239 291 249
bird 336 71 345 84
bird 180 251 193 260
person 222 290 256 382
bird 226 85 252 96
bird 495 263 506 286
bird 1 0 639 367
