bottle 236 249 255 292
dining_table 0 265 478 630
person 45 0 362 434
bottle 255 256 266 285
bottle 191 238 213 288
sandwich 259 365 350 448
bowl 191 497 345 618
bowl 372 356 471 417
bowl 370 495 452 612
cake 257 365 350 443
cake 203 371 262 435
person 270 65 480 611
spoon 283 553 320 598
bowl 173 592 224 639
bowl 117 571 178 610
bowl 80 552 133 601
bowl 37 530 97 567
bowl 136 537 185 581
bowl 215 615 276 640
bowl 320 555 415 640
oven 0 210 49 471
bottle 266 261 271 278
cup 320 556 418 630
bowl 381 410 476 505
sandwich 0 459 33 522
