tennis_racket 90 8 236 143
person 70 97 105 169
person 81 120 107 170
person 32 182 82 249
person 110 191 159 244
person 298 239 346 318
person 241 215 284 273
person 231 192 272 256
person 215 162 260 230
person 210 140 251 196
person 245 316 297 376
person 261 243 303 328
chair 308 310 352 341
chair 135 309 172 335
chair 88 309 134 334
chair 140 340 183 370
chair 110 342 138 366
chair 80 222 107 250
chair 73 196 99 217
chair 323 341 354 371
chair 54 328 67 335
chair 0 248 30 271
chair 75 250 104 271
chair 98 341 112 367
person 80 250 131 300
chair 124 279 165 327
person 210 112 488 593
chair 96 71 439 367
person 0 0 631 380
