car 403 241 448 304
car 45 236 99 267
traffic_light 213 139 253 194
person 78 212 316 633
person 0 243 136 592
person 311 227 334 281
person 293 229 305 278
person 257 234 271 277
person 243 229 255 277
person 300 112 477 628
handbag 93 329 233 640
person 309 252 314 273
person 279 226 293 276
car 336 236 398 279
traffic_light 209 188 223 221
traffic_light 198 187 208 211
traffic_light 356 206 364 223
person 270 230 280 276
person 215 223 232 277
person 0 219 109 358
car 135 230 150 251
handbag 265 242 275 258
handbag 324 236 333 260
car 395 240 425 272
