dining_table 123 121 536 426
fork 430 349 475 392
fork 203 402 217 426
fork 247 219 272 237
knife 169 348 244 354
knife 445 357 499 403
spoon 424 346 481 364
spoon 247 219 271 237
bowl 318 347 416 426
bowl 257 242 334 296
bowl 294 156 343 177
bowl 443 406 523 426
bowl 311 190 353 216
bowl 304 215 359 239
person 296 64 359 130
person 0 168 129 419
person 67 151 176 409
person 487 133 640 426
person 454 184 534 343
person 395 137 456 250
person 187 133 236 238
person 220 78 264 173
person 379 63 459 199
person 370 76 407 168
person 227 121 278 215
person 226 31 280 118
wine_glass 389 257 422 332
cup 236 317 274 372
cup 405 304 442 358
cup 235 295 269 321
cup 364 229 387 249
cup 292 183 309 207
cup 281 215 304 242
cup 350 173 364 196
cup 344 163 357 184
cup 357 243 382 282
cup 290 166 305 185
carrot 278 261 287 271
carrot 308 253 313 258
vase 513 88 524 118
wine_glass 284 322 320 421
wine_glass 330 122 356 180
wine_glass 252 242 278 310
cup 305 145 318 156
knife 220 253 236 256
knife 379 220 419 228
chair 454 128 472 186
person 140 102 233 303
spoon 346 274 363 305
carrot 283 249 298 255
wine_glass 271 322 298 392
wine_glass 292 185 308 205
cup 242 374 287 426
person 264 24 552 268
