bicycle 460 338 548 393
bicycle 455 303 533 358
car 276 237 344 270
car 243 234 271 250
bicycle 458 271 481 312
truck 118 206 157 258
handbag 104 261 120 301
handbag 414 264 430 285
handbag 546 347 591 410
person 438 248 455 305
person 413 251 440 311
person 364 242 390 303
person 351 233 369 287
person 336 232 349 257
person 326 232 338 251
bus 117 208 156 259
backpack 415 262 430 287
person 9 319 104 425
person 565 251 592 320
person 31 218 83 382
person 80 240 135 387
person 33 227 47 250
person 2 221 33 332
car 454 242 475 258
car 426 242 461 263
car 280 233 295 243
umbrella 583 290 591 309
person 235 225 247 258
car 104 224 120 239
handbag 69 306 80 330
stop_sign 307 218 317 229
person 3 199 597 424
