bicycle 70 150 432 475
car 594 98 622 119
person 427 131 472 248
person 255 122 293 159
person 104 107 284 454
person 0 129 60 330
person 228 114 248 159
person 248 118 271 157
person 432 100 453 146
person 533 96 545 131
suitcase 260 178 331 292
person 559 98 571 134
person 543 93 552 129
person 499 99 516 131
car 621 100 640 115
suitcase 473 171 508 192
suitcase 456 127 489 154
suitcase 377 253 422 333
suitcase 207 241 292 310
person 168 121 185 150
handbag 0 157 78 215
person 173 126 212 178
person 64 109 639 432
