sports_ball 516 292 524 302
sports_ball 525 303 534 314
sports_ball 514 302 524 312
sports_ball 528 284 537 294
sports_ball 504 307 516 317
person 110 139 204 408
person 40 107 132 453
person 158 116 213 277
person 1 109 51 235
person 208 239 279 311
person 88 125 116 252
person 14 140 56 380
sports_ball 529 273 539 284
sports_ball 525 275 530 285
sports_ball 524 294 534 304
sports_ball 502 289 512 298
sports_ball 493 281 504 294
sports_ball 521 285 529 294
tennis_racket 126 215 189 265
tennis_racket 195 274 225 307
person 0 129 15 200
person 269 233 331 301
person 106 137 120 172
sports_ball 506 274 515 283
chair 411 83 455 120
sports_ball 516 311 523 319
sports_ball 487 270 544 323
