baseball_bat 382 157 414 182
person 232 249 327 368
person 318 172 388 271
person 362 211 409 264
person 389 183 442 262
person 175 106 211 180
person 135 134 161 170
person 94 154 120 186
person 47 171 68 205
person 455 92 490 121
person 463 112 497 143
person 291 186 313 206
chair 424 197 435 208
person 57 132 86 160
baseball_glove 364 239 376 252
chair 427 177 452 193
chair 479 175 503 204
person 117 152 150 209
chair 466 177 492 193
chair 451 197 478 209
chair 399 177 427 193
chair 621 172 640 185
chair 586 175 597 202
person 0 0 639 218
