bottle 117 240 187 367
bottle 161 308 191 375
chair 338 164 398 260
chair 198 176 258 297
chair 215 143 239 181
cup 360 244 400 302
cup 406 220 443 291
cup 23 333 63 374
knife 200 318 314 335
pizza 251 332 316 352
person 3 21 218 352
person 230 81 364 293
person 236 17 318 154
person 322 67 354 133
person 400 57 432 125
person 407 33 497 158
person 396 90 500 233
cup 167 253 205 358
cup 455 246 500 369
knife 331 337 414 364
potted_plant 174 28 250 130
dining_table 279 226 497 331
dining_table 203 275 363 316
refrigerator 361 67 409 130
vase 207 64 243 131
bottle 61 295 107 352
fork 200 335 276 352
knife 335 333 391 347
chair 3 243 14 289
potted_plant 356 23 428 70
vase 387 51 403 66
person 0 85 52 266
person 170 99 220 177
person 351 100 415 169
person 23 70 55 109
cup 374 196 413 277
