tennis_racket 96 145 158 209
person 153 109 288 346
person 311 130 354 172
person 350 124 391 171
person 397 119 436 172
person 531 110 574 157
person 551 61 585 107
person 484 115 531 175
person 85 90 130 258
person 392 108 419 148
person 415 87 451 138
person 446 105 490 150
chair 247 113 282 141
chair 274 114 318 152
chair 336 66 364 98
chair 158 66 184 87
chair 201 89 214 107
chair 132 88 146 108
chair 236 44 242 60
chair 522 43 552 64
person 520 70 549 122
chair 197 65 216 83
chair 537 20 559 44
person 164 76 213 159
person 0 0 639 269
