tv 168 78 223 142
tv 349 71 403 125
chair 251 159 358 294
tv 296 74 346 126
laptop 384 110 456 174
mouse 374 146 384 155
keyboard 308 134 368 157
backpack 199 315 305 386
sports_ball 578 211 638 314
bottle 139 179 156 216
bottle 270 104 278 126
bottle 277 99 285 125
bottle 475 148 488 180
bottle 486 136 501 172
potted_plant 561 95 615 158
keyboard 198 132 238 156
keyboard 396 149 445 169
book 235 134 264 148
book 237 127 261 142
vase 547 88 564 133
bottle 121 197 141 234
cup 459 137 477 172
cup 447 161 471 188
cup 480 138 503 172
cup 472 155 488 181
mouse 296 142 300 148
book 130 128 154 139
book 129 145 153 152
