motorcycle 16 255 95 395
motorcycle 71 253 155 385
motorcycle 142 257 191 376
motorcycle 186 271 320 366
motorcycle 312 251 372 354
motorcycle 361 256 404 348
motorcycle 430 252 490 338
motorcycle 378 249 461 344
person 4 219 28 261
person 44 224 77 283
person 347 229 370 268
person 286 212 304 269
person 445 241 456 266
person 552 227 581 263
person 540 233 554 247
person 596 221 611 273
person 25 223 47 264
person 366 227 390 281
person 0 235 18 372
person 475 246 482 250
motorcycle 559 250 612 325
motorcycle 592 269 620 314
motorcycle 600 260 639 297
motorcycle 283 250 340 349
handbag 370 254 381 264
person 55 174 81 232
motorcycle 457 251 527 336
motorcycle 216 234 582 350
