umbrella 432 241 546 311
umbrella 393 167 483 220
umbrella 201 182 268 236
umbrella 107 210 177 256
umbrella 251 152 318 202
umbrella 256 66 326 115
umbrella 213 69 278 107
umbrella 211 133 250 195
umbrella 51 140 115 178
umbrella 167 44 218 79
handbag 522 310 574 350
handbag 80 232 103 265
handbag 135 262 165 292
handbag 436 217 466 254
handbag 575 99 606 134
handbag 10 158 27 191
person 223 224 283 318
person 142 112 203 211
person 176 74 240 142
person 283 100 348 194
person 257 0 301 57
person 157 21 195 58
person 493 11 553 123
person 110 103 149 171
handbag 24 13 35 28
handbag 128 105 151 124
handbag 111 82 141 107
handbag 497 52 513 74
suitcase 407 258 438 295
person 269 196 343 280
person 419 215 463 314
person 339 42 409 146
umbrella 86 15 129 52
person 134 245 208 336
person 214 154 277 237
umbrella 23 88 65 124
handbag 472 87 496 113
umbrella 46 1 639 221
person 0 0 639 360
