kite 176 0 216 26
kite 148 55 179 75
kite 213 22 243 60
kite 272 0 312 16
kite 361 0 386 10
kite 470 48 497 64
kite 125 5 142 18
person 78 176 146 372
person 294 200 304 235
person 239 190 267 275
person 251 178 294 287
person 398 192 417 231
person 416 183 443 252
person 462 165 497 290
person 151 202 182 269
person 413 195 420 221
person 373 191 378 205
person 333 200 342 227
kite 234 76 249 86
kite 74 117 86 125
person 322 192 324 202
kite 73 135 84 142
kite 399 94 406 99
kite 228 0 251 8
person 328 194 332 206
person 358 187 413 214
