motorcycle 45 290 469 552
motorcycle 290 288 638 553
person 159 223 257 324
person 5 228 100 325
person 442 243 499 320
person 512 237 587 320
person 219 168 309 290
person 292 157 365 292
person 441 144 517 289
person 389 154 447 237
person 387 240 506 360
handbag 304 205 354 278
bottle 376 92 389 135
bottle 457 94 468 125
cup 417 210 429 235
chair 393 298 491 363
chair 511 274 531 308
chair 580 298 640 475
chair 247 287 277 320
chair 1 287 63 351
potted_plant 114 286 155 330
vase 393 201 404 225
person 263 234 328 334
motorcycle 0 328 128 566
bottle 447 95 457 120
bottle 434 97 447 122
bottle 412 101 424 135
bottle 401 101 412 136
bottle 389 93 399 136
bottle 366 97 377 136
bottle 322 94 333 136
bottle 309 97 322 135
bottle 344 95 354 136
bottle 249 130 263 168
dining_table 350 224 467 274
dining_table 183 322 214 332
person 588 239 640 299
cup 388 205 399 237
cup 109 278 122 317
