tv 314 107 364 173
suitcase 287 228 367 303
suitcase 267 317 425 370
suitcase 197 193 230 223
suitcase 195 217 254 266
suitcase 214 228 299 318
suitcase 164 176 191 192
person 42 135 113 374
person 136 142 166 215
suitcase 171 197 195 215
suitcase 163 175 178 187
tv 223 131 227 135
tv 248 130 251 136
person 87 139 98 177
person 477 137 493 174
person 469 141 479 172
person 438 142 461 170
person 413 135 427 166
person 386 142 401 164
person 172 139 183 164
person 98 139 112 160
person 209 138 220 159
handbag 101 267 112 281
suitcase 185 211 214 245
suitcase 162 164 196 182
person 155 143 169 156
person 134 141 144 188
tv 209 130 220 136
person 43 136 469 173
