potted_plant 0 121 44 299
potted_plant 82 226 106 255
tv 217 124 279 175
couch 368 196 532 312
couch 2 181 115 325
couch 346 195 495 243
book 80 112 117 145
book 86 164 91 190
vase 107 72 122 98
chair 164 177 335 371
chair 467 241 579 381
chair 3 183 113 294
chair 540 234 634 359
dining_table 609 235 640 266
book 83 69 85 95
book 91 163 95 188
book 133 180 145 189
book 325 144 327 157
book 145 119 149 146
book 313 175 316 184
vase 124 124 137 145
book 98 165 104 191
book 322 143 325 156
book 319 111 322 125
chair 152 189 232 308
couch 164 177 334 370
