umbrella 408 149 640 255
umbrella 237 194 364 267
umbrella 366 202 433 230
person 509 303 596 352
person 94 328 171 410
person 342 249 366 275
umbrella 211 195 245 214
umbrella 1 181 25 209
book 130 363 171 394
person 361 221 376 269
person 337 225 357 271
person 366 246 402 281
person 421 252 438 273
person 298 235 310 270
person 223 229 237 249
person 630 267 640 284
person 541 254 544 260
person 234 244 242 253
cup 207 398 220 418
chair 137 397 402 472
chair 308 270 415 342
chair 269 268 321 337
chair 210 263 284 326
chair 177 258 221 320
chair 94 251 168 307
chair 69 248 106 306
chair 41 246 86 303
chair 45 332 155 479
chair 421 301 470 355
person 209 238 220 251
chair 15 246 52 298
chair 0 242 35 291
umbrella 0 168 253 329
person 36 227 626 408
