pizza 441 351 497 388
person 528 110 615 220
person 1 213 200 474
person 443 222 640 475
person 324 26 391 115
person 196 73 277 203
person 205 123 385 479
person 394 95 484 258
person 408 135 606 462
person 362 89 431 188
person 110 80 178 215
person 301 85 345 131
pizza 465 208 510 232
pizza 67 170 266 447
pizza 494 467 545 479
person 1 102 86 246
pizza 305 199 336 233
chair 183 178 229 263
chair 215 302 375 480
chair 416 253 466 336
chair 142 188 160 200
chair 575 360 596 405
chair 188 181 239 295
chair 373 213 431 348
person 0 71 64 169
pizza 231 130 248 136
pizza 471 405 497 416
chair 193 218 255 302
chair 168 187 242 387
chair 233 192 245 297
chair 238 196 248 274
chair 188 200 253 291
person 0 114 433 479
chair 8 243 402 396
