bottle 430 216 455 296
bottle 379 302 446 427
person 345 132 443 315
person 183 152 237 253
wine_glass 300 299 355 392
pizza 180 348 245 398
pizza 211 242 384 269
person 258 160 334 235
person 0 1 168 428
wine_glass 288 366 369 428
cup 285 231 292 242
cup 372 342 446 428
pizza 248 188 275 203
tv 153 42 206 84
person 411 82 624 395
person 97 130 263 355
person 302 164 367 244
cup 292 359 370 420
knife 192 369 287 426
knife 350 332 395 341
knife 223 301 236 305
pizza 218 212 252 227
bottle 289 278 310 311
