bicycle 467 178 502 195
bus 96 189 223 318
bus 228 133 294 222
bus 576 159 640 234
bus 293 100 341 159
person 530 154 548 193
bicycle 489 176 506 193
bus 306 142 377 216
bus 450 74 478 107
person 471 157 494 198
person 129 176 141 198
bus 572 71 609 109
bus 325 71 347 100
person 116 167 127 199
person 205 125 214 154
person 234 110 243 135
person 1 256 17 312
car 330 199 379 240
car 417 262 500 338
car 298 251 373 319
car 267 217 325 267
car 176 298 254 364
bus 362 118 424 194
bus 340 91 382 143
person 187 137 203 167
person 221 112 228 137
person 482 158 488 173
person 108 183 123 207
car 421 139 452 179
car 412 110 436 124
car 318 309 393 371
car 307 227 373 272
car 517 114 552 136
car 503 138 540 165
car 409 176 455 212
bus 355 87 389 119
car 584 122 623 158
bus 357 71 384 90
person 68 212 80 248
bus 594 79 631 121
person 155 170 174 189
car 91 61 639 322
bus 379 72 521 283
