boat 42 213 562 352
person 283 204 359 277
person 169 178 214 252
person 401 191 440 228
person 324 197 370 263
person 437 187 471 223
person 78 175 106 230
person 105 161 153 242
umbrella 25 130 100 180
umbrella 48 128 138 174
umbrella 105 112 222 197
umbrella 168 121 246 170
umbrella 228 127 346 172
umbrella 185 172 269 199
umbrella 256 166 356 222
umbrella 315 144 416 195
umbrella 340 108 451 147
umbrella 188 120 250 140
umbrella 433 150 513 223
umbrella 240 115 308 146
person 254 205 305 270
person 219 197 265 264
person 201 200 242 258
person 141 180 179 244
person 421 185 444 215
person 103 164 127 199
umbrella 342 125 447 163
person 51 153 412 250
