bottle 185 402 231 530
bottle 231 400 279 532
bottle 274 403 327 537
car 192 135 345 219
car 388 132 438 170
traffic_light 361 93 365 101
hot_dog 375 364 394 395
hot_dog 317 388 350 449
car 331 136 386 167
car 439 145 452 158
traffic_light 373 106 381 117
traffic_light 467 89 471 94
sandwich 346 392 379 449
hot_dog 328 358 343 393
hot_dog 358 365 375 392
hot_dog 295 371 327 378
hot_dog 321 338 335 365
hot_dog 256 374 330 384
hot_dog 364 338 382 369
hot_dog 273 364 328 374
hot_dog 253 342 265 366
car 116 134 207 200
hot_dog 378 339 397 369
car 464 131 475 153
car 473 133 480 140
hot_dog 344 370 359 392
person 1 10 223 630
hot_dog 335 340 350 366
hot_dog 257 340 372 450
