sports_ball 341 414 357 430
sports_ball 548 145 555 152
sports_ball 41 215 48 219
sports_ball 337 188 342 193
sports_ball 416 223 422 228
sports_ball 424 326 435 333
sports_ball 491 166 495 170
sports_ball 422 174 426 178
sports_ball 411 326 420 331
person 54 76 156 398
person 127 46 234 336
person 294 345 436 473
person 242 63 334 337
person 582 100 594 130
person 605 105 618 130
baseball_bat 220 392 392 405
baseball_bat 115 509 170 572
person 115 63 152 88
person 251 98 268 120
baseball_bat 151 351 166 383
baseball_bat 251 213 262 338
person 235 86 249 122
sports_ball 260 224 267 232
baseball_bat 205 212 226 323
person 566 86 573 101
person 529 87 536 100
person 487 75 502 94
