person 409 232 415 245
person 348 343 360 383
person 242 377 263 408
person 176 356 194 390
person 606 309 626 333
person 578 302 588 322
person 338 356 358 389
person 405 350 417 394
person 485 209 490 216
boat 578 206 600 216
boat 456 160 493 227
boat 421 190 435 195
boat 370 191 414 202
boat 230 210 329 224
boat 296 152 354 201
boat 242 150 308 208
boat 404 176 426 189
surfboard 7 343 22 354
person 14 335 26 351
person 213 189 215 193
boat 322 200 349 216
boat 0 144 73 214
boat 202 185 208 188
boat 375 198 387 203
surfboard 607 330 632 334
person 239 207 262 219
boat 139 178 592 198
