chair 295 141 325 176
chair 174 141 199 177
dining_table 139 172 440 328
person 163 51 221 159
person 201 57 299 176
person 313 58 420 190
person 396 71 493 236
person 298 102 577 428
person 564 28 619 94
cup 322 250 345 284
cup 386 133 402 158
spoon 316 281 365 297
spoon 387 246 411 274
bowl 287 270 323 300
bowl 398 220 429 241
bowl 152 267 190 285
backpack 500 221 618 428
person 15 47 94 207
handbag 1 270 144 398
handbag 553 223 619 428
handbag 554 190 604 229
cup 256 247 274 284
cup 131 248 153 283
cup 345 208 362 237
spoon 371 202 404 211
bowl 323 181 347 196
dining_table 263 86 287 113
person 571 78 640 213
person 512 91 613 338
handbag 598 247 640 320
handbag 181 150 198 169
spoon 208 185 233 194
bowl 361 261 395 285
bowl 243 167 265 182
bowl 228 187 340 230
person 63 68 176 180
person 62 63 97 101
person 91 63 126 101
spoon 365 234 431 246
dining_table 0 101 32 156
person 0 139 314 428
spoon 319 205 353 214
handbag 345 116 361 143
bowl 194 180 216 196
bowl 187 189 197 205
person 0 19 639 169
