bicycle 449 191 499 243
car 154 181 198 219
motorcycle 291 184 350 274
motorcycle 194 197 231 262
motorcycle 102 187 146 268
traffic_light 53 67 76 118
traffic_light 412 59 427 101
backpack 369 180 385 204
backpack 298 191 318 227
person 0 168 50 287
person 183 158 233 256
person 94 160 146 261
person 280 163 311 249
person 476 163 499 242
person 252 175 262 188
person 303 161 351 249
bicycle 361 201 386 251
fire_hydrant 430 210 445 234
handbag 0 231 21 264
person 352 164 391 232
person 278 174 290 210
person 180 173 186 181
motorcycle 281 180 293 215
motorcycle 251 185 261 203
handbag 128 203 140 213
