car 519 192 570 216
car 504 188 527 210
motorcycle 365 199 400 222
bus 370 166 442 213
bus 240 175 319 203
person 22 190 42 244
person 112 185 135 248
person 317 188 323 213
person 333 188 342 216
person 598 190 611 224
person 489 188 496 208
person 473 187 480 209
person 450 190 461 219
person 56 191 73 220
person 16 190 25 206
person 386 191 395 214
car 568 193 631 218
bus 437 171 464 205
person 410 192 417 220
bus 327 177 363 199
bus 363 176 372 194
person 282 189 291 207
person 185 181 604 223
