potted_plant 290 9 381 57
potted_plant 450 13 514 70
bottle 177 213 205 286
bottle 129 199 157 255
refrigerator 466 99 541 397
knife 162 170 166 184
knife 166 169 174 185
knife 171 174 177 191
knife 182 176 189 191
oven 284 171 403 348
sink 153 230 213 247
knife 169 172 177 186
knife 179 188 188 202
bowl 173 210 190 223
bottle 117 198 126 221
wine_glass 25 224 54 303
wine_glass 101 222 123 261
wine_glass 80 220 104 265
knife 176 168 179 173
knife 179 178 181 190
knife 180 175 184 189
knife 173 175 179 191
bottle 464 191 476 202
cup 501 80 518 104
