bicycle 16 255 84 396
motorcycle 533 184 640 342
train 105 91 460 387
backpack 90 231 109 256
handbag 467 222 490 249
handbag 424 198 442 232
person 578 155 613 203
person 464 168 495 296
person 136 199 211 349
person 78 191 128 321
person 52 202 80 252
person 9 190 89 338
person 0 214 19 349
person 494 180 532 287
person 129 224 141 256
suitcase 204 283 221 317
person 428 175 457 245
person 383 172 426 240
bicycle 67 290 80 303
person 442 178 456 209
handbag 435 215 459 229
handbag 494 231 512 245
person 616 158 640 239
person 124 174 476 287
