bicycle 112 170 556 481
car 29 151 93 182
car 7 154 69 189
bicycle 51 181 57 196
car 109 141 125 154
car 502 148 549 163
car 462 145 485 159
car 427 144 445 153
car 0 207 10 226
car 119 141 133 153
boat 351 164 385 180
boat 287 138 356 167
boat 252 136 288 154
boat 236 135 258 149
boat 514 150 640 208
boat 100 164 253 294
car 0 162 36 215
car 384 144 406 153
boat 369 152 521 196
boat 164 156 193 170
boat 190 157 212 172
boat 221 142 233 145
boat 144 142 191 163
boat 160 135 186 143
car 133 137 142 147
car 369 143 390 153
boat 0 272 107 427
car 81 143 122 161
car 263 125 555 170
