bottle 4 113 14 141
bottle 52 124 56 147
bottle 27 124 32 143
bottle 43 123 51 144
bottle 56 123 66 145
bottle 71 123 76 147
bottle 35 122 38 144
bottle 15 122 22 141
bottle 38 123 45 144
bottle 66 122 73 145
chair 117 213 315 429
chair 303 196 341 220
chair 15 294 89 414
chair 212 206 281 218
dining_table 117 243 295 288
person 229 157 280 206
person 478 27 561 147
laptop 317 139 638 474
bottle 93 123 99 146
bottle 97 125 105 148
chair 338 200 369 271
dining_table 17 334 343 473
tv 339 141 638 471
clock 70 26 93 54
chair 272 195 303 216
bottle 82 123 91 148
dining_table 312 218 371 241
chair 58 209 166 431
person 129 128 212 212
bottle 17 120 100 149
