tennis_racket 59 123 152 176
person 151 152 408 529
person 385 281 424 355
person 380 238 423 287
person 332 233 390 306
person 211 245 247 293
person 138 246 209 291
person 93 311 151 379
person 93 353 150 420
person 163 378 235 420
person 360 288 407 370
person 13 354 78 419
person 43 320 97 383
chair 137 337 166 380
chair 169 305 212 361
chair 46 304 87 322
chair 394 359 427 382
chair 115 260 148 274
chair 274 171 309 189
chair 143 320 192 364
chair 86 304 127 324
chair 28 321 59 339
chair 54 245 87 263
chair 62 215 88 232
person 306 99 340 151
chair 134 247 169 260
chair 109 288 148 305
chair 0 16 426 380
person 1 0 426 430
