car 127 103 221 144
baseball_glove 155 306 187 324
person 62 215 217 394
person 248 211 296 275
person 221 218 262 275
person 234 200 263 230
person 230 187 256 227
person 68 233 110 269
person 56 247 72 267
person 30 222 43 269
person 193 147 236 201
person 198 105 216 145
person 174 101 200 157
bench 102 171 122 194
sports_ball 31 64 39 73
chair 113 229 143 263
chair 159 159 197 196
chair 216 158 255 197
chair 265 239 296 275
chair 262 233 266 241
person 153 222 185 247
car 224 112 296 152
chair 213 180 223 197
person 156 105 177 160
bench 71 181 105 205
person 1 83 334 295
