bottle 342 428 411 603
bottle 170 475 186 598
bottle 152 408 174 460
bottle 6 373 45 515
bottle 123 431 170 630
bottle 232 491 304 635
bowl 177 430 364 535
person 5 123 143 454
person 39 177 197 356
person 334 128 480 500
person 113 163 168 318
person 131 169 239 314
person 318 189 365 298
person 70 124 190 319
person 1 142 63 524
spoon 412 545 480 582
chair 260 245 309 290
person 308 171 413 302
spoon 194 304 254 320
spoon 111 415 220 462
spoon 301 533 343 549
dining_table 102 321 398 433
bottle 176 457 231 639
bottle 154 458 181 598
dining_table 1 388 480 631
