bottle 335 235 350 291
bottle 302 269 316 304
bottle 298 313 319 366
chair 366 207 514 328
chair 211 185 275 242
chair 1 234 174 429
chair 491 159 521 199
chair 376 171 460 244
chair 245 158 304 190
dining_table 224 259 383 475
person 366 192 508 343
person 294 172 359 272
person 71 188 256 349
person 387 208 576 359
person 374 200 626 446
person 0 372 196 472
person 345 269 638 471
wine_glass 95 360 130 444
wine_glass 479 314 528 406
wine_glass 453 282 482 342
wine_glass 318 245 332 268
wine_glass 140 236 161 268
person 169 168 248 265
wine_glass 216 206 225 215
chair 432 277 464 297
potted_plant 265 124 298 184
potted_plant 348 150 374 205
person 11 199 251 444
umbrella 346 2 407 250
chair 49 389 108 423
chair 217 164 281 216
chair 445 360 536 430
clock 493 397 508 413
bottle 305 254 318 280
chair 148 194 278 277
wine_glass 122 259 144 308
chair 271 189 299 225
chair 356 140 462 206
