person 286 236 346 324
person 328 233 390 332
person 619 61 640 115
person 455 237 520 338
person 403 237 468 336
person 542 212 566 245
person 581 161 638 244
person 518 51 551 110
person 366 131 401 200
person 327 132 389 203
person 255 161 297 228
person 170 130 220 219
tie 179 252 186 273
tie 229 250 237 267
tie 234 198 242 217
tie 351 268 359 289
tie 526 266 537 284
tie 450 198 457 225
tie 378 156 383 162
tie 485 275 502 294
tie 600 252 603 263
tie 31 201 38 211
tie 68 204 74 215
tie 413 198 418 212
person 339 167 375 239
tie 301 161 308 178
tie 111 73 635 237
person 1 39 639 366
