chair 405 65 418 90
chair 498 58 512 68
chair 2 108 11 204
person 207 0 359 174
person 406 0 640 238
person 6 0 175 203
person 415 25 475 98
person 509 16 551 100
cup 235 165 270 215
cup 297 224 344 279
spoon 421 182 460 221
bowl 270 175 349 225
bowl 585 223 640 264
bowl 42 453 152 474
bowl 24 199 92 233
dining_table 0 148 640 473
dining_table 360 90 525 138
bowl 493 78 502 82
bowl 251 246 299 273
bowl 0 435 32 480
carrot 280 372 294 416
carrot 292 363 308 408
carrot 219 222 232 254
carrot 211 226 222 254
carrot 226 218 255 258
carrot 307 367 373 408
carrot 306 385 368 435
carrot 97 420 147 460
carrot 289 383 303 414
chair 400 101 492 199
dining_table 479 83 513 94
cup 363 159 395 208
cup 149 170 191 198
cup 219 171 237 202
cup 468 80 480 103
bowl 448 367 640 472
carrot 265 388 333 448
chair 330 77 401 163
chair 209 117 220 168
cup 561 245 620 303
cup 585 298 640 411
