tie 369 230 380 275
tie 157 308 164 326
tie 162 77 171 103
person 1 187 71 384
person 343 182 407 323
person 556 196 632 369
person 120 85 167 194
person 172 276 259 411
person 373 131 426 265
person 285 90 338 229
person 343 78 398 183
person 461 94 527 196
person 245 40 303 131
person 206 43 242 131
person 267 136 321 266
tie 270 80 285 87
tie 286 308 293 330
tie 85 126 95 137
tie 415 122 425 129
tie 449 89 461 127
tie 357 310 366 332
tie 424 312 438 331
tie 496 316 506 332
tie 558 136 566 152
person 205 190 268 328
tie 330 80 336 89
tie 59 82 522 148
person 0 34 639 422
