person 391 92 529 472
person 299 109 364 250
person 24 115 93 273
person 156 110 225 243
person 538 155 586 267
backpack 409 154 482 283
person 103 110 163 243
umbrella 139 80 278 161
umbrella 337 0 615 186
umbrella 0 99 41 123
umbrella 283 94 410 183
umbrella 606 108 640 155
umbrella 578 126 613 145
umbrella 519 121 600 159
umbrella 606 153 640 191
umbrella 0 104 101 164
handbag 97 169 120 204
person 586 151 622 255
person 250 126 305 240
person 357 181 393 251
umbrella 207 140 258 158
umbrella 301 67 350 104
handbag 235 192 244 213
handbag 102 141 147 229
umbrella 233 105 303 134
person 621 194 638 254
umbrella 83 94 167 150
handbag 410 199 473 285
umbrella 593 109 629 133
