person 41 133 287 552
wine_glass 355 409 419 574
wine_glass 327 269 337 295
bottle 213 372 256 430
bottle 51 0 75 51
bottle 84 1 102 57
bottle 263 17 294 104
bottle 147 0 163 61
bottle 129 18 146 68
bottle 311 67 331 112
bottle 332 71 346 116
bottle 42 143 71 160
bottle 172 7 184 41
bottle 342 76 352 117
wine_glass 344 263 359 296
wine_glass 365 260 375 293
wine_glass 356 265 366 284
cup 244 438 375 628
person 366 477 480 556
bottle 233 21 251 93
bottle 360 83 372 120
wine_glass 336 266 346 293
person 435 258 480 410
wine_glass 358 280 366 294
bottle 23 41 479 457
