bicycle 69 269 119 296
bicycle 496 129 529 155
bicycle 265 231 284 250
car 9 163 91 220
truck 0 51 80 130
traffic_light 418 99 432 128
traffic_light 212 200 226 236
traffic_light 217 262 227 280
person 169 277 199 322
person 552 284 573 337
person 540 314 562 349
person 468 280 484 315
person 280 216 302 238
person 487 178 507 215
person 60 200 80 229
person 109 116 127 145
person 451 290 467 310
person 504 302 519 327
bicycle 560 313 574 345
bicycle 328 221 343 251
bicycle 225 234 270 266
bicycle 188 203 203 220
motorcycle 284 233 300 267
motorcycle 92 250 140 279
motorcycle 146 260 181 285
motorcycle 578 201 619 237
motorcycle 476 188 517 222
motorcycle 228 189 261 215
motorcycle 125 234 153 264
person 488 78 500 102
person 587 190 611 228
bicycle 588 179 624 205
motorcycle 348 178 385 207
motorcycle 44 215 95 246
motorcycle 393 182 441 212
motorcycle 545 345 564 370
person 520 289 541 331
car 379 307 543 426
motorcycle 235 250 262 282
bus 302 275 432 367
truck 150 44 261 98
person 25 23 625 368
motorcycle 510 141 606 179
