chair 256 235 417 306
chair 115 174 207 286
chair 184 185 305 293
chair 135 157 152 169
dining_table 4 274 637 474
dining_table 430 105 496 133
person 322 109 640 414
cup 308 315 398 471
cup 35 402 161 480
pizza 38 337 235 452
book 467 365 639 480
chair 243 151 320 187
chair 401 151 443 283
chair 369 140 408 240
chair 114 160 133 169
chair 456 112 487 149
chair 516 86 531 108
dining_table 153 173 376 276
dining_table 436 144 460 169
person 520 54 565 104
person 489 62 513 93
person 574 28 639 215
chair 38 168 105 281
