car 446 112 575 150
car 620 115 639 121
truck 573 119 639 152
truck 545 100 621 121
baseball_bat 380 167 472 211
person 148 136 360 348
person 292 85 430 386
person 167 104 187 145
person 99 125 135 200
person 26 105 72 157
person 175 120 215 196
person 252 127 274 171
bench 35 163 165 196
bench 175 161 242 188
person 148 123 180 201
person 70 106 106 172
person 67 129 96 204
person 244 128 261 177
car 410 129 459 158
car 404 129 431 139
chair 156 203 335 411
person 207 101 220 132
bench 132 149 150 152
person 193 104 215 144
bus 543 78 640 151
person 27 98 252 212
