tennis_racket 138 325 171 395
person 128 188 197 422
person 227 96 246 126
person 25 104 44 121
person 0 130 26 166
person 44 194 71 216
person 121 163 134 180
person 246 184 272 215
person 274 183 296 213
person 277 448 333 500
person 228 164 253 187
chair 86 244 124 292
person 123 43 139 70
bench 230 187 258 215
bench 249 179 325 187
bench 97 175 129 184
bench 96 197 111 209
bench 97 187 125 195
bench 229 178 333 238
bench 85 85 150 94
bench 3 180 67 193
bench 229 215 294 239
bench 180 214 219 220
person 188 181 214 216
person 66 222 102 276
person 0 0 332 499
bench 4 179 229 232
