car 200 409 224 434
car 323 411 392 450
car 308 408 326 421
person 159 408 201 510
person 339 378 412 583
car 111 416 169 449
car 120 411 178 439
car 144 409 183 433
person 50 401 67 437
person 72 409 82 432
car 395 411 415 420
car 175 408 186 414
person 219 406 230 419
person 40 408 49 430
suitcase 273 444 330 589
person 97 399 106 414
person 106 403 115 413
person 136 401 144 411
car 212 404 425 434
car 378 407 395 425
car 198 404 216 411
suitcase 105 452 124 464
car 279 404 299 422
person 95 414 122 442
bus 265 392 306 418
person 184 415 286 572
person 87 405 96 432
person 116 402 123 411
person 64 394 407 437
