umbrella 89 74 280 205
umbrella 262 61 438 140
person 107 103 298 385
person 190 105 285 235
person 279 85 515 372
person 0 0 79 233
person 387 0 424 53
person 341 83 475 308
person 498 0 635 234
person 68 0 178 160
bench 447 195 640 246
bench 445 163 537 191
bench 409 127 640 170
bench 415 140 528 159
bench 411 95 499 122
bench 399 75 508 99
bench 462 245 637 309
bench 2 243 124 320
bench 179 64 293 88
bench 329 49 524 67
tie 163 159 181 190
person 165 0 248 68
person 48 0 85 61
bench 318 29 638 51
bench 599 79 640 91
