tie 146 125 205 363
tie 460 184 551 336
tie 411 191 420 215
tie 308 190 315 221
cell_phone 116 311 151 322
chair 0 195 111 413
chair 607 235 640 401
person 335 44 640 422
person 0 0 338 424
person 272 153 349 220
person 381 153 455 223
wine_glass 425 202 447 238
cup 337 231 365 251
person 376 167 411 212
person 253 173 273 197
person 284 168 302 188
tie 240 186 248 197
cup 284 211 299 220
spoon 311 244 331 254
cell_phone 370 327 399 356
person 236 164 262 197
wine_glass 464 202 475 237
wine_glass 308 199 322 224
wine_glass 474 201 487 232
wine_glass 261 197 275 223
wine_glass 329 199 351 236
wine_glass 388 199 403 213
fork 292 243 315 253
person 347 186 361 200
person 33 80 98 100
person 363 186 380 201
person 444 177 470 227
person 349 177 372 206
cup 403 221 426 239
dining_table 241 212 485 352
