person 199 250 212 264
person 278 262 296 279
person 145 224 164 237
person 120 176 126 180
person 111 208 120 213
surfboard 263 334 318 342
surfboard 275 266 288 274
person 553 159 554 167
person 537 154 542 162
person 146 214 152 224
person 258 324 307 340
person 247 169 253 171
person 285 183 288 188
person 125 184 141 190
surfboard 163 227 165 231
surfboard 198 258 206 264
surfboard 161 216 167 220
surfboard 113 212 118 214
surfboard 132 185 141 188
surfboard 233 184 253 185
surfboard 151 231 166 240
person 140 141 623 190
surfboard 116 154 300 191
