chair 450 59 548 147
chair 1 214 78 392
chair 539 236 622 445
spoon 374 281 444 338
bowl 345 298 410 368
bowl 220 297 344 386
bowl 161 362 333 473
apple 212 232 247 274
orange 213 217 251 237
orange 237 253 270 287
orange 250 218 292 238
carrot 200 308 216 320
carrot 175 304 235 331
person 549 0 640 70
bowl 450 202 563 273
bowl 153 279 248 361
bowl 257 235 360 320
bowl 355 254 435 331
bowl 447 182 535 202
apple 77 256 167 295
sandwich 341 368 404 403
sandwich 382 394 438 454
sandwich 431 382 501 460
sandwich 389 373 434 397
dining_table 56 76 566 480
chair 22 286 64 365
person 527 43 638 473
chair 217 16 323 69
chair 53 0 122 113
chair 1 97 51 172
cup 342 299 411 371
sandwich 327 391 353 442
sandwich 389 218 435 259
sandwich 433 373 478 397
sandwich 343 394 362 449
sandwich 354 400 434 460
orange 214 233 247 266
