bottle 400 250 420 292
bottle 262 259 299 375
bottle 251 248 269 301
chair 352 414 536 480
dining_table 81 229 561 472
person 452 175 501 251
person 298 114 423 250
person 203 181 296 285
umbrella 294 46 543 156
umbrella 134 148 344 264
umbrella 501 101 640 193
chair 286 140 326 166
cup 396 229 414 249
cup 308 331 332 375
fork 194 390 213 439
fork 481 298 489 327
fork 383 350 457 372
knife 232 384 238 426
knife 471 294 482 330
knife 193 313 236 335
spoon 322 239 350 261
spoon 338 284 364 303
spoon 482 300 490 327
spoon 239 285 247 313
bowl 283 317 332 354
bowl 357 288 440 333
bowl 262 275 354 322
bowl 379 248 435 288
cup 277 345 304 392
cup 197 313 222 354
cup 312 261 330 277
cup 423 268 438 298
knife 343 238 374 248
chair 496 224 507 251
person 486 257 640 463
knife 230 378 245 425
bottle 444 263 471 330
cup 380 231 395 251
bowl 330 246 372 278
person 0 44 184 480
