wine_glass 139 279 217 371
wine_glass 83 336 206 424
wine_glass 91 301 191 362
wine_glass 558 276 602 336
wine_glass 5 300 140 402
wine_glass 601 280 635 309
wine_glass 600 300 639 368
cake 285 208 640 418
wine_glass 212 282 231 343
wine_glass 208 296 278 360
wine_glass 337 281 359 333
cup 139 279 217 368
cup 83 339 205 424
cup 205 338 285 411
cup 557 279 603 339
cup 602 299 639 346
cup 600 281 634 311
cup 322 284 362 331
cup 276 311 317 379
dining_table 0 392 252 418
wine_glass 317 282 339 317
wine_glass 9 278 98 424
