person 118 95 423 508
person 23 0 247 403
person 254 14 388 146
handbag 108 73 144 231
bottle 374 464 426 637
apple 145 393 206 453
apple 135 447 214 514
apple 0 562 88 640
apple 109 510 166 592
apple 7 606 120 640
orange 202 420 296 502
orange 204 498 276 573
orange 278 474 351 524
orange 137 559 254 640
orange 241 569 324 640
orange 57 457 138 539
orange 16 519 109 604
orange 174 372 231 427
orange 275 425 329 477
orange 0 396 95 473
person 1 109 50 335
orange 271 491 365 588
apple 160 516 244 576
