sports_ball 199 71 212 84
chair 616 91 621 100
person 424 194 640 449
person 414 131 438 175
person 463 132 481 176
person 600 126 617 180
person 126 87 195 213
baseball_glove 379 316 442 381
chair 554 59 564 64
chair 582 50 588 53
chair 586 32 590 34
chair 421 78 430 82
chair 551 38 557 41
chair 375 77 384 82
chair 512 57 518 60
chair 467 87 476 97
person 523 120 533 132
person 486 124 496 133
person 501 122 508 133
person 519 82 526 100
person 599 52 604 62
person 89 134 99 160
person 74 131 84 160
chair 551 53 558 57
chair 568 44 572 46
chair 573 34 578 37
person 82 133 91 160
chair 357 8 639 95
person 56 11 639 165
