teddy_bear 249 234 292 264
teddy_bear 336 213 373 264
teddy_bear 445 239 497 309
teddy_bear 376 220 407 251
person 464 157 495 211
person 339 189 383 318
person 205 231 231 270
person 162 83 235 331
person 6 147 107 331
person 277 196 305 287
person 393 175 419 201
person 327 200 347 228
person 381 188 397 215
book 137 164 143 177
book 289 157 292 166
book 304 157 307 166
book 115 186 122 209
book 127 186 146 209
book 132 163 136 177
book 96 185 115 208
book 112 161 132 178
book 297 157 300 165
book 286 157 326 169
person 382 137 421 194
person 381 201 422 330
person 407 294 500 332
book 232 163 260 177
teddy_bear 209 265 233 291
teddy_bear 47 204 89 239
person 426 189 441 211
person 50 146 499 311
