bus 98 333 137 345
traffic_light 150 278 164 309
traffic_light 185 175 225 244
traffic_light 427 275 442 301
person 166 306 300 594
traffic_light 121 311 129 328
traffic_light 171 288 184 312
backpack 194 362 279 417
person 459 317 528 519
person 515 315 560 453
person 286 327 355 529
person 351 314 417 528
person 387 315 427 407
person 603 320 639 570
person 464 328 483 357
person 543 329 597 512
person 271 341 288 379
person 438 330 469 417
bus 4 320 33 350
traffic_light 226 156 302 271
person 284 336 308 391
car 572 324 601 366
person 582 321 621 448
person 112 322 447 416
