bottle 191 194 234 286
bottle 169 197 195 242
bottle 151 193 173 235
bottle 190 200 210 241
bottle 4 164 26 223
bottle 82 175 119 232
chair 378 403 477 514
dining_table 41 254 473 631
person 221 94 357 307
fork 91 455 189 477
fork 354 454 410 473
spoon 269 370 366 395
bowl 142 474 256 581
bowl 265 434 384 544
bowl 225 332 286 387
bowl 145 335 213 389
bowl 117 270 240 342
broccoli 325 468 352 496
broccoli 270 443 299 477
broccoli 322 488 341 501
broccoli 299 448 324 466
broccoli 308 492 336 522
broccoli 271 470 289 498
bottle 28 177 47 215
bottle 127 196 150 235
book 458 372 478 407
book 429 323 476 374
bottle 44 182 73 230
bottle 211 100 228 131
broccoli 306 471 320 482
broccoli 345 491 368 518
broccoli 319 465 332 483
carrot 260 309 270 318
carrot 280 330 294 341
book 435 329 478 401
