chair 512 428 553 473
chair 473 424 512 473
chair 217 419 258 454
chair 541 400 571 418
chair 125 414 158 433
chair 3 395 62 414
chair 128 314 167 335
boat 198 71 461 157
boat 451 63 608 162
boat 156 157 174 162
person 156 308 164 315
person 29 402 63 480
person 367 295 384 341
person 59 339 84 382
person 150 386 176 451
person 606 313 627 346
person 197 294 209 303
person 86 371 110 388
umbrella 240 326 427 466
umbrella 381 287 515 371
umbrella 254 263 355 330
umbrella 429 264 530 327
umbrella 15 252 104 336
umbrella 0 236 27 273
handbag 56 418 76 443
person 100 429 131 470
person 182 407 223 429
person 609 311 633 335
handbag 61 453 70 477
handbag 97 441 119 480
chair 118 317 134 333
person 385 311 399 332
chair 100 313 126 333
chair 153 336 198 364
chair 68 312 104 331
chair 491 398 507 406
person 149 303 158 313
chair 191 323 232 339
chair 13 319 486 421
