umbrella 1 117 212 188
car 575 214 640 276
car 551 217 582 259
hot_dog 226 258 247 274
car 0 217 62 240
bottle 214 181 222 200
bottle 231 177 239 201
bottle 227 185 231 201
bottle 257 182 264 200
bottle 288 181 297 204
bottle 251 216 258 235
bottle 204 181 210 192
bottle 226 214 233 235
bottle 239 182 244 201
hot_dog 224 275 257 295
hot_dog 221 312 252 330
person 375 218 386 242
person 361 216 367 242
person 93 216 99 231
person 84 214 93 230
person 328 218 337 248
bottle 270 181 277 200
bottle 277 180 284 201
bottle 186 184 193 202
bottle 191 184 199 202
handbag 335 228 339 237
hot_dog 154 294 180 315
bottle 117 176 332 239
