handbag 456 362 478 410
handbag 252 369 271 386
handbag 384 360 406 404
suitcase 216 395 249 427
person 378 330 425 461
person 327 333 355 446
person 252 327 282 431
person 152 324 189 377
person 190 317 205 398
person 233 319 249 347
person 261 314 276 342
backpack 19 341 38 359
person 106 322 135 417
person 439 342 483 466
person 47 323 88 377
truck 2 366 119 471
handbag 136 334 146 363
person 127 314 147 351
person 134 319 164 414
person 176 325 198 414
backpack 483 344 485 366
handbag 242 341 257 370
handbag 80 328 97 352
handbag 417 357 434 395
handbag 190 356 203 374
handbag 428 412 450 436
person 0 269 639 457
