tie 317 300 329 323
person 261 245 395 353
person 97 292 171 379
person 230 285 257 352
person 253 290 271 319
car 210 286 233 301
car 195 289 211 300
banana 292 447 371 535
banana 131 501 241 584
banana 160 408 236 512
banana 237 350 311 413
banana 121 527 176 639
banana 347 413 403 457
banana 0 569 124 640
banana 239 485 357 559
banana 235 532 293 633
banana 48 525 148 631
banana 121 450 185 523
banana 148 430 190 494
person 25 321 126 569
car 203 285 213 291
banana 328 529 428 640
person 0 248 36 561
banana 68 329 427 639
