car 427 329 640 422
car 228 282 263 314
car 348 287 368 312
motorcycle 259 328 432 427
motorcycle 0 324 174 427
person 322 290 387 418
person 273 292 324 421
person 1 266 116 422
person 424 270 531 400
person 259 281 285 316
person 281 276 296 317
bicycle 256 311 282 379
truck 228 272 262 316
bird 448 35 453 39
bird 457 125 461 127
person 104 267 123 296
person 120 271 137 296
person 257 281 269 323
person 269 274 277 292
motorcycle 420 360 573 405
bird 562 43 568 47
bird 553 106 557 110
person 556 309 588 355
person 494 276 587 402
car 230 271 263 287
person 300 280 325 334
