chair 310 323 363 392
chair 607 362 640 472
dining_table 238 323 608 472
bowl 352 388 471 464
banana 365 411 430 433
sink 64 262 252 315
scissors 409 174 419 194
scissors 423 174 435 188
knife 141 147 181 156
knife 149 159 177 166
knife 148 173 179 181
knife 154 189 173 191
chair 371 213 459 351
chair 446 311 581 340
oven 456 148 565 266
oven 454 281 558 324
clock 39 0 89 42
knife 154 184 176 186
knife 155 193 174 196
knife 153 196 175 199
knife 156 206 174 208
knife 138 208 143 246
knife 377 260 382 304
knife 384 266 391 296
knife 401 258 409 297
bowl 161 246 177 259
bowl 300 226 318 240
