person 307 40 468 269
person 138 55 259 268
person 3 73 114 275
cake 238 300 364 350
cake 432 324 457 346
cake 296 258 389 297
person 127 153 142 181
bench 285 177 309 202
bowl 261 264 304 284
cake 483 325 505 354
cake 377 317 402 342
cake 424 284 442 300
cake 404 319 428 344
cake 442 287 469 305
cake 388 279 413 302
chair 108 183 141 222
chair 106 183 136 205
chair 101 179 135 203
chair 104 177 133 182
cake 426 275 447 291
cake 414 275 425 282
cake 454 323 483 351
dining_table 285 178 308 202
dining_table 247 213 560 280
bowl 248 246 290 261
bowl 212 289 255 323
cake 403 284 424 302
dining_table 126 160 147 166
dining_table 111 306 258 354
cake 216 260 503 330
