car 300 349 410 395
car 123 346 183 377
car 89 349 131 374
bench 277 443 426 566
backpack 59 432 88 471
backpack 0 346 28 403
handbag 221 441 273 476
handbag 126 422 164 442
person 134 373 160 413
person 234 397 336 547
person 17 323 53 488
person 106 389 186 500
person 125 383 182 440
person 65 381 152 492
person 285 449 414 522
person 206 396 278 541
person 246 339 261 379
person 280 341 294 377
person 308 338 325 364
bench 139 445 181 488
handbag 276 456 302 472
bicycle 49 359 105 407
car 47 344 59 358
