car 246 372 302 417
car 1 392 98 478
person 290 366 331 443
car 234 365 280 412
car 291 362 321 379
person 182 357 204 409
person 207 366 216 404
person 196 359 207 405
traffic_light 263 210 283 260
traffic_light 65 0 111 131
traffic_light 260 266 279 300
parking_meter 217 368 223 380
handbag 305 379 320 397
bicycle 306 398 329 450
car 279 361 291 372
car 323 370 333 400
traffic_light 82 256 100 295
traffic_light 311 317 315 329
traffic_light 83 94 111 152
traffic_light 281 297 286 320
car 215 363 244 398
