car 206 88 248 121
backpack 440 97 468 150
handbag 294 102 311 140
handbag 9 162 46 222
handbag 191 152 207 165
car 339 90 347 96
car 346 92 364 110
car 425 84 444 113
car 333 83 343 87
car 299 89 324 105
person 0 102 50 311
person 19 26 145 244
car 210 86 249 107
apple 317 337 411 397
apple 291 354 438 426
apple 433 379 461 409
apple 411 325 592 426
apple 566 324 586 344
apple 343 313 363 332
apple 388 276 488 333
apple 503 308 640 374
apple 326 304 344 327
apple 566 380 640 420
apple 0 344 71 419
apple 40 339 195 422
orange 191 199 252 209
orange 281 174 291 182
orange 162 220 222 242
orange 212 215 224 222
orange 212 206 242 223
person 122 54 163 205
person 167 86 200 172
person 197 98 251 165
person 257 80 302 164
person 304 95 339 166
person 426 74 480 193
person 469 71 514 210
person 522 77 573 261
person 562 109 638 275
person 573 78 606 141
car 342 86 384 106
handbag 179 110 195 150
orange 280 181 286 183
orange 266 173 274 182
orange 272 173 276 178
orange 278 171 285 180
orange 260 160 306 184
orange 298 172 303 177
orange 200 212 211 221
person 540 57 592 109
handbag 0 200 44 236
apple 18 288 135 341
orange 290 163 340 187
orange 160 161 321 243
person 94 56 583 245
apple 7 275 638 425
