sports_ball 231 85 241 96
tennis_racket 89 320 110 382
person 89 326 258 632
person 24 423 52 454
person 274 420 349 523
person 340 424 390 526
handbag 11 504 57 538
person 283 362 306 394
person 52 428 120 541
person 52 320 97 370
person 258 282 282 313
person 318 197 351 227
person 0 419 19 455
backpack 117 499 182 541
backpack 11 506 55 539
chair 47 463 68 502
chair 333 458 349 491
chair 343 448 352 457
chair 233 462 270 536
chair 155 479 175 513
chair 338 423 363 432
laptop 378 448 412 464
person 291 293 335 333
person 228 375 263 420
person 128 330 156 363
person 0 42 426 472
