chair 578 220 630 292
chair 423 197 506 257
chair 0 89 22 120
chair 123 204 139 255
person 350 208 567 426
person 278 108 355 212
person 470 124 602 294
person 114 193 196 345
person 130 129 213 266
person 338 37 396 171
laptop 294 238 374 328
laptop 511 300 606 400
backpack 144 324 281 426
person 143 178 333 417
bottle 556 280 576 341
chair 4 220 58 369
chair 4 134 36 203
laptop 373 237 415 284
laptop 483 263 541 300
laptop 261 188 355 249
laptop 251 226 281 276
chair 62 318 206 426
dining_table 8 149 115 241
dining_table 250 188 640 419
laptop 316 78 347 100
person 322 108 431 251
