bicycle 423 198 452 219
car 437 120 459 139
person 79 252 103 324
person 126 221 141 280
person 604 269 626 356
person 429 186 446 217
person 526 127 539 149
traffic_light 95 0 131 50
traffic_light 247 59 269 100
traffic_light 299 67 308 91
traffic_light 362 81 370 87
traffic_light 598 187 608 220
traffic_light 625 211 637 255
traffic_light 301 83 317 111
traffic_light 551 118 557 133
traffic_light 114 156 126 199
person 19 239 43 291
bicycle 134 252 150 289
car 264 207 291 234
bus 485 224 601 346
traffic_light 475 11 491 43
person 203 222 218 268
person 378 119 390 149
person 32 257 42 301
person 18 263 33 321
car 257 236 325 288
car 331 212 374 244
car 384 146 412 172
car 311 189 364 213
car 261 229 316 243
car 450 125 475 145
person 368 127 375 146
person 545 210 552 225
person 344 215 348 219
traffic_light 450 50 455 55
person 163 218 172 261
traffic_light 5 109 582 193
