backpack 341 199 357 225
person 329 176 351 242
person 386 202 423 236
person 399 189 442 232
person 211 223 220 238
person 257 226 261 231
person 470 211 484 237
person 481 216 492 226
person 278 212 289 232
person 310 209 317 224
person 24 239 30 251
person 109 196 115 208
person 314 217 320 230
boat 92 222 111 242
umbrella 424 183 482 229
handbag 347 202 353 218
boat 462 223 499 237
surfboard 194 230 299 246
handbag 347 217 357 226
kite 153 207 159 217
kite 184 230 299 248
umbrella 375 213 392 219
person 131 226 214 248
