bottle 276 181 285 206
clock 233 0 269 29
bottle 287 151 292 163
bottle 280 152 284 164
bottle 291 140 297 149
bottle 274 137 280 162
bottle 303 167 310 182
bottle 296 137 303 153
bottle 294 193 300 211
chair 384 203 475 368
chair 211 251 338 425
chair 85 258 174 383
chair 550 170 636 303
dining_table 164 194 400 259
dining_table 535 163 562 184
cup 230 169 247 185
cup 248 159 264 173
cup 248 173 265 186
dining_table 2 166 70 245
dining_table 462 113 549 132
person 560 113 640 282
person 514 100 583 261
person 347 122 479 354
person 369 116 431 203
person 321 96 404 181
person 277 91 334 152
person 216 98 264 171
person 196 109 232 180
person 142 120 202 245
person 412 69 462 135
person 63 113 223 395
person 30 108 87 253
cup 319 141 327 159
cup 6 158 14 171
chair 235 100 260 132
chair 176 102 202 117
chair 506 145 546 258
chair 107 105 140 146
chair 474 119 506 185
bottle 287 169 297 200
dining_table 240 139 349 170
dining_table 144 109 279 125
dining_table 493 131 529 185
person 226 63 254 84
tie 422 175 435 203
cup 12 157 21 169
cup 211 91 219 99
chair 147 103 176 155
chair 65 107 91 132
chair 269 99 294 151
chair 467 112 490 166
cell_phone 423 81 427 90
chair 320 103 359 129
