bird 411 206 469 293
bird 106 190 198 239
person 476 14 481 27
person 480 15 487 27
boat 321 51 420 86
boat 176 37 234 60
boat 404 53 494 89
boat 610 74 640 102
boat 275 46 326 69
boat 119 44 193 74
boat 51 46 122 76
boat 16 53 68 78
boat 245 44 288 61
boat 468 48 517 63
bird 279 232 327 273
bird 239 129 269 169
bird 221 117 251 140
bird 223 102 257 123
bird 276 133 320 147
bird 360 168 397 214
bird 560 188 580 202
bird 230 194 264 228
bird 456 155 520 191
bird 365 144 397 178
boat 288 24 334 56
bird 328 131 380 161
bird 252 105 547 177
