bird 327 296 346 308
bird 379 294 410 308
bird 405 299 433 314
bird 503 290 529 304
bird 349 293 378 304
bird 234 295 251 300
cow 489 220 570 274
cow 416 219 464 274
cow 428 189 499 230
cow 326 219 388 277
cow 310 211 338 275
cow 280 218 314 277
cow 243 213 280 279
cow 135 213 224 266
cow 145 200 213 230
cow 121 197 162 230
cow 24 205 95 244
cow 222 203 280 242
cow 260 193 306 221
cow 358 219 412 277
cow 110 195 156 220
bird 327 292 348 302
cow 237 184 288 206
bird 318 300 328 306
bird 456 292 486 302
cow 14 126 629 230
