motorcycle 43 432 107 478
motorcycle 113 348 141 387
motorcycle 228 340 251 376
motorcycle 218 320 228 337
motorcycle 196 335 212 363
motorcycle 288 316 297 332
person 226 306 253 366
person 72 338 129 468
person 116 313 144 373
person 144 306 161 335
person 196 307 218 351
person 186 306 199 331
person 259 303 271 322
person 217 303 232 324
person 40 341 124 472
person 286 304 304 327
person 313 297 328 329
person 152 312 189 381
motorcycle 152 355 181 397
motorcycle 187 331 197 356
car 243 300 260 312
