dining_table 96 315 502 376
book 49 240 58 292
bottle 456 218 505 318
wine_glass 536 94 564 164
wine_glass 579 90 605 161
wine_glass 553 101 573 145
wine_glass 627 124 640 157
wine_glass 389 264 424 311
wine_glass 262 263 286 305
book 67 238 74 291
clock 98 171 120 200
vase 291 308 328 350
cup 531 410 558 441
book 69 127 79 179
book 61 124 68 180
book 57 239 67 291
book 73 239 81 287
book 78 127 85 179
book 51 125 66 181
book 81 237 92 290
vase 326 311 354 345
vase 488 202 499 273
vase 365 280 399 290
vase 126 273 158 283
cup 558 412 586 447
cup 509 411 531 440
cup 616 414 640 445
cup 481 405 506 440
cup 544 388 553 393
cup 550 398 573 405
cup 536 403 542 408
cup 536 403 562 414
cup 328 309 355 345
bowl 136 363 188 384
bowl 184 353 232 371
cup 585 413 616 447
cup 590 406 619 414
cup 604 388 625 398
cup 564 405 591 416
cup 574 401 595 407
