umbrella 281 124 538 211
handbag 204 310 240 402
handbag 100 226 137 324
handbag 383 327 465 423
handbag 14 153 41 206
handbag 49 147 72 181
person 106 108 238 469
person 42 130 78 239
person 88 126 125 272
person 109 133 139 218
person 225 114 246 280
person 359 194 501 474
person 77 142 99 219
person 0 143 10 162
bench 419 373 639 474
person 546 140 640 420
person 0 209 14 332
person 5 124 49 280
handbag 0 325 25 422
person 213 167 238 254
person 0 133 22 229
umbrella 544 138 640 193
handbag 73 155 93 185
