bottle 110 393 127 440
bottle 569 299 584 321
couch 1 300 338 473
couch 444 262 640 420
person 119 102 302 478
person 348 132 515 480
cup 569 318 587 343
laptop 281 331 320 366
laptop 69 369 164 428
remote 184 167 210 236
remote 492 171 504 206
remote 139 417 172 432
remote 65 417 91 432
book 322 271 338 276
book 299 247 305 262
remote 239 176 249 194
book 319 310 323 327
book 304 242 344 264
book 272 290 297 308
book 298 290 302 305
book 311 312 316 328
book 325 307 333 325
book 339 264 344 281
book 301 289 308 306
book 305 247 308 264
book 331 308 344 325
book 311 288 315 304
