person 372 164 397 206
person 496 181 512 202
person 545 188 571 201
person 456 162 472 174
person 205 160 216 177
person 171 167 195 190
person 140 169 161 193
surfboard 546 196 557 201
surfboard 370 206 413 213
surfboard 202 167 229 177
surfboard 108 178 124 186
surfboard 408 151 431 173
surfboard 9 201 64 210
person 422 179 434 194
person 24 190 42 211
person 95 164 110 187
person 549 156 564 171
surfboard 415 179 440 193
person 259 169 268 196
person 155 166 164 175
surfboard 250 169 280 189
person 24 167 282 178
