chair 453 9 502 93
chair 406 10 448 93
chair 46 62 262 189
chair 591 27 640 55
chair 502 13 516 35
dining_table 0 182 640 474
person 13 19 248 219
person 440 52 640 419
wine_glass 396 225 500 408
wine_glass 84 193 173 310
fork 239 260 282 364
spoon 190 207 212 249
person 0 0 80 126
cup 82 195 172 297
cup 395 227 500 410
carrot 361 232 399 294
carrot 46 281 76 295
person 511 0 584 58
wine_glass 241 134 300 223
cup 241 132 300 225
carrot 0 281 20 315
carrot 369 217 374 232
carrot 0 317 8 324
chair 603 219 640 325
dining_table 520 40 590 57
