motorcycle 12 205 239 327
bus 287 57 393 168
person 431 74 437 96
person 55 118 70 143
car 404 139 537 240
car 371 221 640 422
car 0 148 50 252
car 7 145 84 239
car 30 139 112 213
car 85 137 142 192
bus 435 43 478 100
truck 436 43 480 94
truck 488 89 562 137
truck 460 76 524 108
person 607 141 640 214
car 156 116 213 166
car 412 107 471 156
car 239 114 291 157
car 149 123 197 181
car 467 102 522 143
car 405 83 438 109
motorcycle 98 154 132 205
car 533 135 616 205
motorcycle 450 23 454 27
person 86 133 176 307
car 98 1 639 293
