sheep 168 413 243 517
sheep 65 473 235 640
sheep 191 422 335 598
sheep 88 387 207 488
person 266 217 410 466
person 250 237 318 364
person 150 252 212 389
person 94 291 161 425
person 0 298 101 488
person 49 305 123 473
person 200 255 249 360
person 189 0 425 439
person 304 189 384 273
sheep 241 355 353 486
sheep 0 483 146 639
sheep 199 525 347 638
person 36 311 56 339
person 100 286 114 310
handbag 74 393 122 427
handbag 33 430 84 496
person 73 265 88 327
sheep 270 355 365 452
sheep 193 354 338 494
cell_phone 230 155 255 186
person 230 253 279 360
person 0 89 387 591
