motorcycle 369 215 437 261
motorcycle 244 209 345 261
bus 480 144 640 242
car 418 222 640 422
car 136 193 165 204
car 0 217 269 420
person 445 193 454 228
person 466 195 486 246
person 454 194 464 229
person 424 187 436 224
person 377 186 401 221
person 45 187 57 223
person 127 191 131 203
person 439 193 447 227
person 468 195 472 206
person 312 189 329 218
car 177 195 196 203
motorcycle 342 204 387 256
motorcycle 261 218 348 268
person 392 208 398 218
person 405 188 428 223
person 462 199 468 209
