bottle 238 242 251 301
motorcycle 396 186 445 228
motorcycle 444 193 480 264
bottle 227 179 237 197
chair 52 215 92 295
chair 20 287 151 356
chair 76 195 104 247
chair 88 179 116 220
wine_glass 265 298 287 333
wine_glass 230 257 254 305
cup 222 229 232 246
knife 175 301 222 307
knife 294 259 309 268
person 330 209 411 299
person 285 170 336 237
person 265 154 297 223
person 83 161 180 290
person 71 202 214 358
person 250 234 408 360
person 145 161 181 226
person 186 146 239 199
person 365 223 480 360
umbrella 0 0 477 110
umbrella 91 53 478 152
bottle 277 262 292 307
wine_glass 211 211 224 237
chair 247 145 279 188
potted_plant 353 173 413 223
person 114 143 169 200
person 308 166 350 192
bottle 246 278 261 326
bottle 221 191 226 201
sandwich 177 278 204 291
chair 215 141 239 175
chair 239 138 256 146
dining_table 226 230 260 264
dining_table 169 187 312 360
bowl 207 321 226 334
