sports_ball 550 226 557 233
sports_ball 284 232 290 238
sports_ball 174 234 180 240
sports_ball 100 235 107 242
sports_ball 67 235 74 242
sports_ball 602 181 609 187
sports_ball 585 188 588 191
sports_ball 401 172 407 180
car 483 126 640 190
car 17 131 114 197
car 112 136 230 194
person 244 107 384 388
tennis_racket 198 99 250 182
car 357 120 500 209
sports_ball 288 231 294 237
sports_ball 599 190 604 194
sports_ball 599 177 605 183
sports_ball 593 188 598 193
tennis_racket 438 181 456 219
sports_ball 598 184 608 190
person 397 101 442 240
car 245 139 310 182
sports_ball 66 172 613 247
