person 13 138 161 333
bicycle 204 243 345 413
bicycle 352 180 462 351
bicycle 585 147 640 257
bicycle 19 251 189 420
bicycle 594 156 613 222
bicycle 546 170 569 236
handbag 18 123 37 181
handbag 209 85 227 117
person 313 103 397 239
person 359 94 459 268
person 479 92 549 196
person 419 38 433 56
person 112 87 204 278
person 444 164 638 423
person 99 0 157 121
person 157 0 194 68
person 248 30 276 91
bicycle 459 85 492 111
bicycle 566 130 598 203
bicycle 130 207 185 287
bicycle 321 194 388 325
bicycle 432 174 490 274
bicycle 125 208 222 318
handbag 62 67 84 99
person 16 26 59 138
person 175 26 216 154
person 199 131 333 370
person 1 0 639 228
bicycle 66 45 163 91
