motorcycle 366 311 452 377
boat 207 272 268 286
boat 225 280 286 299
person 372 267 378 284
person 380 265 384 280
person 383 265 389 282
person 462 267 465 278
truck 150 288 277 363
person 377 267 381 282
person 427 272 434 279
boat 280 276 327 291
boat 332 208 373 282
boat 571 265 587 270
boat 297 263 350 287
bench 115 335 220 386
umbrella 467 266 480 273
kite 310 183 326 189
kite 307 166 311 171
kite 294 144 297 146
kite 357 228 366 234
kite 333 202 338 206
kite 385 253 392 256
kite 346 214 349 217
person 458 268 461 278
person 500 273 505 278
person 493 273 498 279
person 419 267 424 279
person 472 270 475 274
boat 164 163 199 293
person 390 271 394 278
person 414 267 419 279
boat 601 264 636 274
umbrella 618 265 620 267
chair 604 274 625 288
person 462 267 592 296
