bus 537 426 631 479
person 386 357 393 370
person 522 414 531 439
person 377 350 383 363
person 180 441 194 464
car 325 369 344 387
car 197 396 221 418
car 212 385 231 399
traffic_light 408 350 414 364
traffic_light 346 343 351 367
car 398 430 431 459
car 265 329 280 342
car 255 314 266 322
car 354 400 380 424
car 217 372 237 387
car 226 363 244 377
car 371 388 393 407
car 185 415 214 438
car 345 432 378 459
bicycle 386 362 393 372
car 405 374 425 392
traffic_light 119 394 128 418
person 407 332 412 345
person 395 322 398 334
motorcycle 175 449 193 470
car 112 289 358 479
