bicycle 347 373 415 475
bus 2 143 327 278
handbag 499 269 510 291
handbag 195 264 219 298
person 369 307 444 474
person 96 206 151 380
person 31 201 102 396
person 157 236 194 365
person 196 217 254 366
person 497 251 518 311
person 271 230 307 277
person 535 247 553 303
person 342 233 376 332
train 1 139 330 283
backpack 423 254 432 273
backpack 146 267 163 314
backpack 87 228 123 277
backpack 325 250 343 279
backpack 357 250 377 276
backpack 241 235 276 277
handbag 470 276 477 291
handbag 411 258 422 274
person 298 234 340 342
person 368 233 396 275
person 396 243 413 274
backpack 343 248 364 280
person 411 239 421 261
bicycle 485 280 501 304
handbag 448 268 455 284
handbag 535 276 541 285
backpack 382 250 399 279
person 236 209 639 372
