person 31 76 401 428
person 20 50 122 293
person 291 12 404 349
person 367 106 435 306
person 7 94 97 352
person 83 70 169 232
person 186 66 242 130
knife 344 332 414 344
cake 408 202 498 343
person 165 68 204 140
person 0 78 59 423
tie 218 111 229 129
tie 64 88 86 161
tie 324 131 332 189
dining_table 269 202 575 422
cake 401 396 422 422
cake 407 260 423 280
cake 341 410 362 424
cake 379 418 400 427
cake 361 333 459 388
cake 387 403 404 421
cake 344 385 369 402
cake 381 390 402 410
cake 363 396 383 409
cake 345 397 367 412
person 334 90 374 211
