cell_phone 237 157 251 164
person 135 111 298 278
person 134 116 249 208
bicycle 0 146 132 248
person 149 131 197 272
chair 247 135 356 287
chair 320 135 385 301
chair 344 133 416 309
chair 444 135 640 354
chair 388 124 507 298
chair 417 126 563 326
chair 533 139 591 194
chair 561 216 640 377
chair 204 185 237 282
chair 526 198 640 357
bench 322 128 469 298
bench 448 137 637 348
person 2 77 113 202
bench 560 216 640 373
bench 529 199 639 359
chair 294 181 334 294
chair 226 183 258 282
chair 375 125 476 196
