person 301 159 561 468
clock 548 420 554 429
kite 205 158 388 303
bottle 185 436 203 464
bottle 220 434 240 459
bottle 254 431 276 449
bottle 256 403 273 423
bottle 237 401 258 426
wine_glass 166 373 185 398
wine_glass 185 376 203 399
cup 590 175 607 200
cup 606 172 629 198
cup 599 67 634 92
cup 620 263 633 279
bowl 584 374 640 400
apple 588 365 601 374
vase 210 311 239 358
bottle 222 405 240 432
bottle 202 404 221 432
bottle 182 405 201 433
bottle 165 407 184 436
bottle 205 436 222 461
bottle 219 461 241 480
bottle 167 467 185 480
wine_glass 225 368 242 399
wine_glass 205 369 223 403
wine_glass 245 367 258 404
cup 269 342 289 358
cup 556 350 583 380
cup 603 262 623 281
cup 555 177 567 204
apple 616 374 631 382
apple 596 373 607 379
apple 615 365 628 376
bottle 198 405 208 425
bottle 187 336 557 479
