bicycle 326 275 344 322
bicycle 535 268 561 331
traffic_light 491 123 527 227
traffic_light 0 65 165 404
traffic_light 609 151 620 181
backpack 519 356 545 414
person 273 297 330 419
person 496 306 536 421
person 545 223 563 273
person 597 204 613 245
person 497 237 519 315
person 527 219 545 289
person 314 241 348 326
person 579 198 598 245
person 364 212 380 258
person 615 198 629 232
traffic_light 174 219 264 413
handbag 519 338 544 414
potted_plant 450 172 480 265
cell_phone 308 316 310 322
person 472 386 506 427
handbag 570 213 577 224
handbag 555 234 566 256
potted_plant 472 168 496 267
person 496 289 536 351
person 561 220 570 252
person 564 179 639 251
