person 142 362 181 436
person 562 341 597 450
person 552 366 563 399
person 374 394 393 426
person 426 351 455 419
person 264 379 269 397
person 342 370 348 388
person 220 382 255 427
bench 156 403 225 433
person 104 402 124 437
bench 31 414 116 452
kite 208 162 245 188
kite 407 251 420 257
kite 356 241 368 250
kite 266 287 287 303
kite 395 215 411 225
kite 427 268 470 308
kite 365 188 377 198
kite 567 264 637 303
kite 275 241 341 258
kite 291 294 338 306
kite 525 141 540 161
backpack 622 431 640 451
kite 273 224 287 232
person 463 389 496 468
kite 444 166 458 172
person 402 383 429 428
person 598 357 626 451
person 122 386 129 405
person 7 370 500 442
kite 35 106 639 479
