sandwich 258 217 296 238
sandwich 188 155 218 182
sandwich 86 268 128 306
chair 433 255 640 419
person 420 65 638 410
person 267 5 427 181
person 16 39 219 414
person 156 0 273 147
cup 414 174 445 207
cup 194 220 230 253
cup 265 171 293 203
fork 417 230 434 256
fork 366 181 381 208
donut 406 294 433 317
person 0 12 58 128
person 112 0 212 54
knife 388 219 435 228
donut 110 252 130 269
chair 107 357 351 414
dining_table 38 149 467 419
dining_table 103 25 201 110
dining_table 43 4 152 38
cup 311 313 367 363
cup 125 78 136 97
cup 144 57 159 71
cup 119 52 130 70
sandwich 211 166 239 186
donut 123 262 146 281
donut 405 313 434 337
donut 86 268 127 294
donut 375 287 410 325
chair 195 32 321 164
chair 0 124 100 419
chair 391 66 459 178
knife 223 244 235 253
sandwich 300 214 318 238
sandwich 210 266 239 302
sandwich 283 199 310 230
sandwich 187 287 213 309
sandwich 173 279 205 308
