bottle 387 345 395 368
bottle 290 287 295 301
bottle 199 199 202 208
clock 389 38 567 251
dining_table 287 356 410 416
person 106 220 143 281
person 178 266 218 388
person 374 291 420 356
person 245 255 288 348
person 569 283 611 330
person 605 276 627 311
bowl 117 279 143 298
dining_table 287 297 302 312
dining_table 469 282 506 295
dining_table 277 271 302 279
dining_table 69 338 110 369
dining_table 533 317 597 340
dining_table 461 260 497 276
dining_table 407 342 467 360
dining_table 366 254 389 258
dining_table 359 281 411 299
dining_table 200 251 208 260
vase 350 212 358 233
person 404 324 457 422
cup 286 270 291 277
bowl 307 368 331 381
chair 415 376 462 424
chair 364 386 415 423
chair 271 389 324 423
chair 34 361 105 424
chair 487 351 523 421
chair 616 305 629 328
chair 360 273 379 288
chair 377 255 396 284
chair 391 274 410 288
chair 533 326 562 368
person 315 305 381 369
person 401 253 425 289
chair 207 373 265 424
chair 569 321 613 377
dining_table 85 362 113 390
refrigerator 159 200 184 236
person 332 344 396 423
person 507 299 549 360
person 528 283 559 318
bottle 287 264 290 276
chair 261 343 286 414
person 224 274 266 391
dining_table 306 316 341 353
person 85 220 611 384
dining_table 180 252 624 426
chair 149 252 526 325
