chair 95 279 175 427
chair 69 173 151 269
chair 518 133 576 200
dining_table 435 230 640 420
person 146 98 191 153
person 130 118 388 427
person 541 95 603 200
dining_table 0 155 169 286
cup 404 291 441 331
dining_table 297 141 356 202
laptop 252 204 358 275
keyboard 301 272 393 309
chair 519 233 577 264
potted_plant 460 117 515 238
mouse 349 322 374 326
scissors 431 263 451 292
person 311 94 351 150
person 7 108 34 164
potted_plant 102 141 122 167
potted_plant 227 94 240 118
tv 348 175 443 287
tv 182 111 240 139
tv 32 106 101 169
tv 585 101 619 133
chair 319 124 321 128
