sheep 326 265 390 320
person 437 196 467 261
person 573 204 622 338
person 549 192 591 328
person 391 200 421 258
person 377 201 399 266
person 489 229 509 271
person 311 204 340 262
person 241 207 269 304
sheep 292 269 329 327
sheep 312 255 338 276
sheep 412 263 473 323
sheep 464 267 495 328
sheep 491 269 516 311
sheep 159 266 181 315
sheep 386 258 450 323
person 2 0 163 474
person 209 215 236 306
person 266 214 290 306
person 191 217 221 304
car 544 235 561 285
sheep 381 269 405 321
sheep 173 267 202 312
stop_sign 375 136 392 164
