bus 271 216 368 354
person 291 296 351 416
person 423 310 465 419
person 396 302 411 331
person 572 307 582 320
person 251 302 266 330
person 379 301 388 328
traffic_light 435 279 439 289
traffic_light 424 269 428 279
traffic_light 430 294 436 301
handbag 465 335 496 394
handbag 302 340 312 362
person 595 298 606 317
person 444 316 502 424
person 479 302 513 408
person 518 308 561 397
car 0 297 102 386
car 606 308 640 385
car 557 315 622 372
car 197 297 218 338
car 514 314 572 361
car 92 294 153 362
car 146 296 180 351
car 174 295 202 343
car 231 306 256 324
car 271 313 374 389
car 495 307 536 351
car 428 305 458 335
backpack 492 325 511 354
backpack 301 342 311 363
person 295 337 331 411
person 609 306 619 319
car 415 302 442 331
traffic_light 440 281 444 291
car 0 206 483 401
