skis 81 453 343 617
backpack 148 247 216 379
backpack 341 315 379 370
backpack 249 248 257 279
person 106 186 259 549
person 193 203 258 313
person 325 287 388 459
person 318 256 343 309
person 333 221 342 256
person 259 210 288 264
person 298 212 315 245
person 287 202 300 243
person 242 238 277 316
person 249 202 271 248
person 225 177 247 223
person 358 227 370 254
backpack 229 184 242 202
person 217 173 237 206
backpack 366 233 371 239
skis 314 426 406 479
skis 133 406 316 536
skis 269 261 287 268
person 123 108 368 489
