bottle 202 283 240 368
bottle 154 253 187 327
cell_phone 64 466 156 503
cup 164 327 190 378
cup 370 399 424 506
cup 194 364 243 465
fork 48 563 260 640
fork 68 545 261 617
fork 80 401 178 422
fork 137 396 197 412
spoon 335 547 472 640
spoon 48 455 193 479
cake 307 463 359 497
person 388 152 478 369
person 2 355 129 475
person 0 197 84 370
person 322 159 434 398
person 78 223 106 314
person 97 229 142 279
person 258 217 362 348
person 229 215 286 310
person 292 203 315 227
wine_glass 163 283 184 306
cup 155 305 171 328
fork 320 427 352 442
fork 330 421 372 435
knife 76 390 170 395
knife 420 437 474 447
knife 348 448 372 452
spoon 135 374 159 384
dining_table 88 257 112 277
person 327 182 373 272
person 123 234 147 269
cup 246 395 284 456
cup 189 306 207 327
dining_table 4 272 478 631
person 61 226 90 320
wine_glass 428 448 478 585
wine_glass 387 243 427 329
person 408 362 478 427
cup 232 333 259 381
spoon 416 491 430 503
person 1 169 418 321
