chair 3 224 69 293
person 139 190 199 269
apple 109 306 142 343
apple 190 303 229 340
orange 99 263 142 292
orange 175 227 207 258
banana 11 309 39 328
banana 69 341 130 412
banana 219 370 248 424
banana 237 370 297 427
banana 40 302 78 333
banana 51 332 120 390
banana 155 324 190 380
banana 183 369 220 453
banana 255 355 335 439
banana 241 384 268 434
banana 207 386 240 453
banana 165 348 190 399
apple 73 288 101 311
dining_table 0 279 361 500
person 247 148 375 421
person 195 153 265 250
cup 316 443 353 484
carrot 151 299 201 338
carrot 30 292 51 311
banana 128 326 169 386
apple 136 287 170 325
