bicycle 349 94 407 170
person 240 231 394 420
person 281 42 357 267
person 122 165 215 290
person 178 25 231 134
person 68 40 111 152
banana 223 405 296 486
person 264 29 301 137
person 47 30 86 108
person 286 20 317 113
person 160 36 187 101
banana 165 445 231 509
banana 266 462 335 541
banana 191 544 247 601
banana 350 521 414 568
banana 275 401 319 463
banana 120 485 217 605
banana 95 455 154 523
banana 385 594 407 613
banana 197 326 224 348
banana 166 326 198 350
banana 294 439 373 521
banana 373 492 424 542
banana 91 13 424 639
