bottle 208 239 242 301
bottle 60 282 93 320
dining_table 7 211 416 422
dining_table 219 428 422 634
dining_table 373 8 421 152
dining_table 3 433 212 635
cup 262 246 293 287
cup 11 294 61 359
spoon 128 200 151 220
bowl 219 462 329 630
bowl 83 520 175 615
bowl 90 445 166 517
bowl 11 454 82 516
bowl 3 537 79 612
bowl 96 334 171 388
bowl 50 380 110 424
bowl 92 374 188 425
bowl 302 276 354 306
bowl 218 8 401 148
bowl 74 10 218 184
person 344 224 424 371
person 48 199 173 264
bowl 106 210 159 244
cup 233 200 254 225
cup 207 205 228 232
cup 90 246 132 268
person 302 200 409 240
person 7 259 21 282
bowl 123 235 162 256
cup 232 272 270 313
bowl 1 33 420 311
