chair 81 232 145 277
chair 149 221 178 253
chair 615 334 639 439
chair 620 261 640 340
dining_table 116 419 640 480
person 0 115 352 475
person 36 157 144 299
person 0 158 33 245
cup 410 428 474 474
pizza 196 332 303 410
person 581 174 640 276
person 116 164 165 257
person 296 153 360 357
cup 327 248 350 262
pizza 366 451 412 480
chair 1 316 50 412
chair 0 247 23 318
person 347 100 633 471
person 504 155 624 335
person 371 209 423 276
chair 325 310 341 353
dining_table 18 235 28 241
cup 492 411 610 480
cup 30 219 47 241
cup 5 216 22 244
cup 180 460 255 480
dining_table 0 240 56 318
