potted_plant 321 55 397 215
chair 461 277 640 470
chair 466 159 593 301
chair 203 300 552 472
dining_table 317 184 500 268
bicycle 391 104 574 194
clock 31 165 79 212
cup 369 230 396 254
book 596 161 603 198
book 608 113 615 152
book 602 157 610 200
book 592 108 611 152
book 614 113 621 153
book 619 116 628 154
book 609 163 640 208
book 603 207 624 248
book 596 209 604 248
cup 438 189 454 207
cup 468 205 484 224
book 622 114 639 154
book 611 112 617 151
book 591 206 597 244
vase 361 139 383 212
cup 408 231 440 251
cup 328 221 354 251
book 344 267 428 298
book 129 8 639 270
