chair 469 329 640 405
person 333 295 365 327
person 359 292 377 322
person 339 261 357 313
person 282 306 340 326
person 45 333 120 365
person 172 307 196 336
person 441 304 541 333
person 418 253 429 282
person 256 302 274 332
person 119 335 146 353
backpack 542 310 574 334
umbrella 465 239 640 319
umbrella 0 288 117 422
umbrella 137 273 245 344
umbrella 78 282 141 309
umbrella 111 277 161 303
umbrella 200 274 267 301
umbrella 234 273 284 295
umbrella 384 231 403 238
umbrella 449 249 526 288
umbrella 593 230 640 256
umbrella 251 271 300 292
chair 462 312 612 389
person 72 339 97 351
person 369 273 380 286
umbrella 571 231 615 249
person 605 220 609 232
chair 544 382 551 393
chair 473 313 521 321
chair 453 307 473 317
umbrella 21 221 604 309
person 0 213 626 359
