person 158 186 224 340
person 184 120 250 226
person 310 121 375 232
person 534 117 613 279
person 495 281 608 430
person 358 272 456 433
person 263 181 336 352
person 363 174 429 298
person 30 244 126 425
person 100 295 217 429
person 200 288 300 432
person 298 283 394 425
tie 463 327 479 354
tie 240 328 252 357
tie 77 295 86 319
tie 313 94 320 103
tie 70 98 77 120
tie 140 103 148 119
tie 162 343 174 370
tie 254 91 267 132
person 424 184 478 325
handbag 416 221 459 302
tie 196 70 570 129
tie 329 335 336 355
tie 543 338 551 380
person 38 19 635 433
