sports_ball 174 160 182 165
chair 208 329 238 370
chair 180 327 209 370
tennis_racket 186 219 213 233
tennis_racket 461 188 486 203
person 205 198 240 283
person 454 158 498 210
person 486 63 505 94
person 456 49 472 75
person 562 458 584 480
person 72 219 111 292
person 257 88 273 108
person 19 321 47 376
person 230 86 251 108
person 236 45 252 75
person 250 45 266 71
bench 0 446 182 479
bench 214 99 230 108
bench 155 102 169 109
bench 124 102 140 109
person 553 430 579 458
bench 25 76 52 84
backpack 229 352 262 375
suitcase 155 350 182 376
suitcase 214 341 235 347
person 195 47 212 75
bench 10 82 24 91
bench 50 62 65 76
sports_ball 229 346 231 348
person 1 0 633 445
