car 314 336 415 392
car 428 340 522 396
car 391 334 449 388
car 36 365 266 437
car 0 347 113 436
car 256 344 300 381
car 2 338 39 356
airplane 604 11 632 23
person 604 344 613 368
person 583 346 600 385
person 547 346 569 373
person 613 342 627 384
person 524 344 533 361
person 518 346 527 361
person 297 341 314 380
person 116 337 129 364
traffic_light 46 309 51 320
person 461 329 466 336
person 547 343 558 357
person 564 342 583 361
traffic_light 14 303 22 310
chair 612 358 625 383
chair 598 358 607 385
chair 550 360 578 387
chair 523 357 542 381
dining_table 571 360 588 364
car 138 343 178 365
car 208 330 275 376
car 177 333 217 366
traffic_light 41 323 44 335
traffic_light 52 320 58 328
person 580 345 590 361
car 42 340 83 352
dining_table 628 357 640 373
person 233 332 255 378
person 127 336 140 363
