clock 452 106 501 155
car 430 299 449 324
car 460 285 471 293
handbag 414 440 459 475
handbag 447 313 457 326
person 399 362 510 473
person 253 320 305 467
person 446 300 464 359
person 468 296 492 359
person 222 295 239 337
person 486 298 502 340
car 487 281 496 288
bench 474 443 500 478
dog 243 460 299 479
person 463 290 477 339
person 504 294 515 322
person 500 295 506 309
person 446 297 456 321
person 490 291 497 302
person 454 296 460 303
car 495 279 504 286
car 505 272 511 278
car 502 284 512 292
person 408 283 413 296
car 490 288 499 297
