bottle 296 282 316 359
bottle 46 279 78 352
bottle 142 245 156 285
bottle 317 323 330 364
bottle 80 195 96 238
bottle 525 312 556 342
chair 507 363 638 474
chair 198 407 351 474
dining_table 0 328 395 415
person 338 153 401 333
person 245 175 362 339
person 474 240 638 471
person 138 169 219 347
person 338 212 532 478
refrigerator 448 159 587 353
cup 246 330 266 359
cup 204 322 231 353
bottle 233 239 243 271
wine_glass 436 123 447 151
wine_glass 419 123 433 151
cup 328 329 355 384
bowl 128 209 155 225
bowl 188 351 220 372
microwave 51 236 136 290
oven 14 257 159 344
sink 220 269 252 278
person 517 324 603 382
wine_glass 410 123 420 151
wine_glass 397 124 408 150
cup 407 162 417 183
cup 396 162 407 183
cup 416 161 431 187
cup 397 90 409 114
bottle 223 245 233 270
wine_glass 434 162 449 184
