tie 268 274 305 368
tie 399 180 431 346
person 231 185 367 374
person 336 65 530 459
person 440 83 487 149
person 508 139 578 263
person 300 82 342 231
person 214 96 241 175
person 123 101 142 120
person 101 106 119 142
person 81 99 95 133
person 176 116 196 139
laptop 35 267 173 343
person 416 87 431 116
chair 522 296 640 480
chair 327 166 376 249
chair 129 151 159 210
chair 185 142 224 194
chair 21 219 68 259
chair 253 159 279 185
tie 49 351 288 449
tie 125 375 353 478
tie 81 384 311 472
tie 164 382 364 479
tie 15 357 114 392
chair 57 232 109 274
chair 168 153 199 212
chair 49 192 76 228
chair 272 161 330 235
chair 0 171 11 217
person 247 143 260 156
handbag 590 51 633 137
person 16 103 32 120
dining_table 0 238 132 329
tie 0 336 104 375
tie 104 370 336 432
chair 357 276 398 327
chair 14 185 58 246
chair 0 121 329 256
person 136 98 364 169
