person 405 129 511 256
bowl 165 15 257 110
orange 512 525 555 582
orange 544 512 630 565
orange 174 424 237 489
fork 136 70 226 128
bowl 530 6 632 125
orange 128 394 188 462
orange 157 384 200 430
orange 208 472 255 510
carrot 254 259 384 382
carrot 297 546 336 591
carrot 256 511 383 637
carrot 61 273 138 381
carrot 423 142 444 195
carrot 172 11 255 62
carrot 256 385 386 512
carrot 510 130 640 254
carrot 3 1 638 505
cake 291 31 349 71
orange 545 521 638 607
orange 150 490 203 510
orange 134 459 188 499
orange 232 410 255 473
carrot 264 167 375 242
carrot 438 324 463 345
carrot 384 308 395 331
carrot 384 257 511 383
carrot 1 31 638 639
