couch 0 175 81 413
chair 382 227 538 425
chair 470 176 501 225
chair 605 164 640 277
dining_table 217 242 488 349
person 145 93 301 315
person 50 148 278 422
person 79 145 208 370
person 261 93 319 159
person 365 101 476 271
person 400 88 459 160
wine_glass 322 242 351 305
wine_glass 362 215 386 270
wine_glass 275 146 331 216
bowl 290 256 319 279
person 211 113 239 186
person 361 90 396 166
wine_glass 347 158 362 185
wine_glass 329 237 356 265
dining_table 230 144 379 210
person 619 129 640 176
bench 0 126 177 423
wine_glass 376 140 389 153
couch 128 109 379 187
