skis 41 416 175 445
skis 414 437 484 448
skis 298 387 355 391
person 438 336 478 446
person 420 355 435 400
person 413 322 421 338
person 317 290 324 305
person 363 297 373 308
person 386 294 390 304
person 401 287 407 298
person 412 287 419 305
person 53 333 122 479
person 28 312 41 358
person 358 353 375 393
backpack 455 352 478 379
skis 275 373 286 379
skis 369 383 392 390
skis 387 381 404 389
skis 56 311 75 343
skis 81 314 88 318
person 80 290 92 316
backpack 265 343 273 356
backpack 225 322 235 338
skis 260 356 270 366
person 31 242 504 403
