sports_ball 303 19 312 28
chair 493 94 530 114
chair 557 130 586 146
tennis_racket 179 125 233 177
person 170 113 260 381
person 73 141 122 182
person 175 144 205 181
person 116 103 148 153
person 171 108 202 153
person 169 89 205 140
person 201 108 235 143
person 187 63 241 142
person 314 100 349 156
person 437 125 471 156
person 160 45 182 81
chair 539 150 566 170
chair 355 110 384 132
chair 570 150 601 170
chair 599 151 629 169
chair 585 129 615 159
chair 518 93 549 113
chair 480 76 507 105
chair 530 75 561 94
chair 412 112 440 131
chair 556 75 580 90
person 103 47 135 97
chair 390 38 414 43
person 121 143 150 181
chair 1 2 632 168
person 5 0 639 178
