tie 397 191 435 361
person 236 45 584 420
person 42 44 320 419
person 258 165 275 203
person 303 123 333 270
person 469 109 527 180
person 576 106 636 316
person 0 110 70 269
person 257 186 310 269
person 190 118 231 255
wine_glass 224 255 240 280
wine_glass 221 243 235 277
wine_glass 21 247 36 278
dining_table 211 247 315 332
person 237 129 266 206
tie 19 148 35 219
tie 322 147 329 164
wine_glass 242 198 249 215
chair 255 231 295 270
chair 277 182 298 214
person 516 142 537 180
person 551 149 640 425
chair 289 171 300 195
dining_table 0 252 56 381
person 346 136 382 200
dining_table 334 184 350 202
