person 153 94 200 180
person 463 264 499 328
person 289 62 342 185
person 161 129 249 254
person 130 138 164 178
person 414 111 448 145
person 452 119 499 244
person 188 93 217 152
person 109 90 149 141
person 79 93 118 188
baseball_bat 130 170 166 192
sports_ball 252 215 262 224
baseball_glove 468 179 487 194
baseball_glove 90 137 104 155
baseball_bat 339 290 408 306
chair 1 97 27 137
person 38 86 71 141
person 0 85 20 135
person 245 107 279 156
chair 111 100 143 145
chair 191 103 222 148
chair 330 115 343 147
chair 468 109 491 125
chair 36 101 78 140
person 60 0 499 331
