bottle 567 298 584 357
bottle 591 297 610 355
bottle 564 294 572 348
bottle 619 287 640 390
bottle 493 289 510 343
bottle 481 294 491 332
umbrella 488 182 570 218
umbrella 245 0 638 172
umbrella 1 22 350 238
person 358 224 516 405
person 265 232 365 370
person 352 162 471 291
person 527 221 624 328
person 135 239 186 330
person 52 232 151 429
person 170 248 232 398
person 365 145 450 215
person 471 228 516 318
person 0 247 120 480
person 98 235 156 341
bottle 573 292 587 351
bottle 464 289 477 309
chair 321 352 519 448
chair 247 319 358 480
chair 154 308 168 348
chair 3 351 138 480
chair 119 324 183 437
chair 533 389 640 471
chair 187 303 229 389
chair 509 265 535 300
chair 489 266 512 304
dining_table 284 426 638 471
dining_table 532 336 624 400
dining_table 489 328 543 360
wine_glass 539 317 559 356
chair 247 294 278 331
