bottle 521 382 547 480
bottle 617 349 637 431
couch 237 277 449 460
person 27 88 292 480
person 407 226 531 417
remote 177 181 229 200
remote 471 290 479 317
wine_glass 568 355 586 405
wine_glass 601 369 620 408
cup 545 422 553 466
book 564 160 573 191
book 558 204 567 246
book 557 267 576 300
book 546 305 568 342
book 519 203 532 241
book 551 267 570 301
book 565 436 632 462
book 560 410 604 419
book 504 268 534 279
book 566 206 572 246
book 546 304 584 353
book 563 269 580 301
remote 489 309 510 335
remote 569 380 609 405
remote 487 404 510 415
remote 507 401 530 414
book 511 298 526 330
book 479 83 639 474
