umbrella 233 96 279 139
umbrella 206 98 241 110
dining_table 468 148 521 156
dining_table 399 145 453 151
dining_table 300 141 319 145
dining_table 243 138 277 141
dining_table 556 152 620 188
dining_table 160 134 178 137
dining_table 271 140 301 143
dining_table 214 135 243 140
umbrella 171 99 215 135
umbrella 152 101 181 135
umbrella 261 93 300 141
umbrella 295 88 340 141
umbrella 336 86 404 104
umbrella 452 78 535 100
umbrella 533 72 631 152
umbrella 391 77 470 104
umbrella 402 100 456 105
umbrella 118 104 140 135
chair 543 158 581 187
chair 462 145 481 156
chair 419 149 431 168
chair 593 154 607 178
chair 352 148 368 171
chair 430 141 446 177
chair 614 148 628 190
chair 500 147 518 182
chair 390 142 407 175
chair 372 147 391 173
chair 334 137 351 169
chair 542 147 556 161
dining_table 350 143 395 145
bench 317 147 346 151
bench 500 164 523 173
bench 496 152 549 159
umbrella 341 100 391 109
chair 442 141 452 168
umbrella 134 100 161 114
dining_table 126 120 553 162
chair 184 133 339 166
