dog 61 389 192 527
bottle 337 375 420 532
bottle 63 234 76 269
chair 176 307 192 362
dining_table 94 264 425 629
dining_table 112 261 194 350
person 108 211 155 284
potted_plant 299 257 310 265
potted_plant 293 227 315 271
potted_plant 310 250 334 275
potted_plant 157 186 183 265
fork 337 339 349 363
knife 194 457 348 531
knife 294 350 325 372
bench 45 245 135 322
bottle 52 232 66 267
wine_glass 265 540 309 612
potted_plant 173 190 192 234
person 180 101 367 445
cup 295 528 370 634
knife 130 276 146 283
knife 343 378 360 387
fork 167 287 187 296
potted_plant 155 105 219 252
oven 0 274 98 394
