chair 110 164 116 182
chair 139 163 152 183
chair 97 163 103 183
chair 79 161 98 187
person 95 0 228 234
person 269 1 320 237
person 22 154 36 189
person 119 157 135 174
chair 154 163 162 184
chair 40 164 54 186
chair 121 163 134 182
chair 157 163 165 180
potted_plant 19 81 42 104
suitcase 161 119 246 219
chair 10 163 26 185
chair 103 163 109 183
dining_table 81 166 93 169
dining_table 16 167 29 169
dining_table 115 165 127 168
dining_table 47 166 54 168
dining_table 0 167 6 175
chair 109 165 112 181
