airplane 154 296 215 312
person 2 397 68 503
person 346 473 393 517
bench 260 513 470 632
bench 120 494 215 638
bench 200 499 265 574
bench 59 525 112 578
backpack 3 447 27 501
chair 362 522 459 640
chair 253 519 356 577
chair 328 518 389 589
chair 31 557 169 632
chair 132 499 216 582
chair 53 566 133 587
chair 183 498 205 510
chair 330 520 426 615
chair 304 495 325 507
bench 266 497 341 538
airplane 208 409 255 475
suitcase 437 492 475 542
chair 165 495 182 510
chair 129 496 192 535
chair 65 587 153 612
