cow 216 186 372 308
chair 360 211 396 263
chair 501 208 528 272
chair 553 207 590 257
chair 571 247 639 313
chair 439 229 484 288
chair 469 191 484 206
chair 509 252 574 321
dining_table 290 196 402 251
person 0 192 61 444
person 230 113 246 147
person 496 206 557 308
person 56 163 141 402
handbag 148 134 159 156
cup 362 157 368 165
cup 386 157 393 166
person 179 128 201 185
person 116 122 139 179
person 450 201 501 288
person 547 205 635 296
person 194 117 210 171
person 399 156 443 259
person 257 123 279 147
motorcycle 0 153 24 185
cup 410 158 415 169
person 162 178 201 218
handbag 134 137 142 157
person 140 119 272 181
