car 145 286 182 299
car 96 279 145 299
car 138 277 187 296
car 209 286 224 298
person 347 267 438 482
person 57 280 64 299
kite 374 237 383 245
kite 472 127 483 133
kite 392 154 398 166
kite 316 227 320 235
kite 280 255 288 264
kite 226 258 238 274
kite 55 22 117 69
kite 77 238 83 247
kite 11 241 26 249
person 425 291 434 311
person 116 281 125 299
person 106 283 112 299
person 319 283 330 310
person 433 286 440 308
person 233 286 237 298
person 368 283 378 304
person 256 284 262 299
person 473 289 484 309
car 293 277 349 299
car 198 288 219 298
kite 110 257 116 264
kite 94 255 102 261
person 194 286 199 299
person 342 283 360 306
truck 227 276 280 299
truck 458 272 494 307
kite 276 245 288 256
kite 112 236 116 242
car 87 282 104 297
person 77 282 87 297
kite 102 236 371 277
