kite 204 95 511 210
person 424 310 431 330
person 454 300 463 327
person 283 305 298 335
person 360 303 369 328
person 345 321 352 332
car 128 312 161 330
person 506 300 511 317
person 306 305 316 333
person 399 308 409 331
person 551 289 558 302
person 410 310 419 331
person 315 306 326 332
car 434 293 444 301
car 524 283 540 292
car 605 271 628 277
car 585 274 603 281
car 386 296 402 305
car 465 289 485 299
car 236 306 247 313
car 489 286 505 296
person 83 316 93 330
car 256 305 289 315
car 536 283 547 290
car 544 277 552 285
person 433 303 444 331
person 102 287 625 344
