bird 300 293 308 300
bird 450 249 462 254
bird 416 248 425 254
bird 326 245 335 253
bird 317 251 320 254
bird 433 266 447 276
bird 461 266 474 273
bird 490 275 499 281
bird 447 273 458 283
bird 470 246 487 252
bird 316 281 324 289
bird 323 273 333 283
bird 342 270 354 280
horse 122 292 162 319
person 137 279 151 305
person 365 269 376 289
person 554 264 563 281
person 403 270 412 286
horse 355 276 380 297
horse 545 269 564 288
horse 393 276 415 298
horse 16 294 66 325
horse 516 270 535 290
bird 488 261 495 270
person 518 265 535 277
person 36 283 46 314
bird 297 244 501 305
