dining_table 32 227 458 457
person 160 42 319 303
person 366 49 607 457
person 548 74 601 212
person 350 92 358 139
knife 328 285 397 314
knife 235 212 319 226
cake 136 371 172 413
chair 129 261 223 319
chair 214 240 263 288
chair 328 203 392 247
chair 547 149 582 215
chair 576 245 596 275
chair 421 168 444 231
chair 336 137 347 156
chair 407 137 423 191
cake 240 285 339 339
cake 254 365 316 402
cake 336 343 365 383
cake 373 233 385 249
cake 391 224 415 237
cake 75 337 116 363
cake 347 247 368 256
chair 417 368 560 457
chair 292 155 327 219
chair 320 131 347 176
person 314 86 340 122
person 295 128 331 215
person 305 115 340 155
person 192 76 219 103
person 191 70 203 100
chair 408 131 430 164
chair 325 146 358 205
chair 329 202 364 221
