sandwich 134 195 186 245
fork 317 455 354 480
fork 399 195 441 223
knife 432 162 473 182
spoon 76 456 120 466
spoon 24 471 59 492
carrot 455 323 485 350
carrot 453 311 485 331
carrot 429 328 460 349
donut 36 342 66 369
cake 314 258 371 309
knife 263 459 311 491
knife 200 328 236 368
spoon 80 77 100 81
bowl 82 150 126 191
bowl 81 54 118 86
bowl 327 139 368 173
bowl 34 403 69 430
bowl 413 70 475 116
sandwich 192 206 248 249
pizza 393 422 436 460
donut 2 323 22 352
cake 252 381 292 441
chair 126 251 165 328
dining_table 129 262 249 375
dining_table 375 126 497 251
dining_table 376 377 498 494
dining_table 5 391 125 497
dining_table 48 269 125 375
dining_table 1 141 126 248
dining_table 252 28 371 125
dining_table 125 3 249 123
dining_table 369 1 497 122
vase 66 377 92 414
cup 424 135 460 163
cup 30 255 62 311
spoon 280 91 307 103
bowl 445 11 496 66
sandwich 197 154 249 176
sandwich 164 169 211 210
sandwich 126 139 153 171
sandwich 212 167 248 207
sandwich 189 299 218 329
sandwich 181 261 199 281
sandwich 146 151 185 181
donut 16 442 35 468
donut 61 325 92 355
donut 2 86 16 105
cake 249 278 276 311
cake 26 214 50 238
cake 328 177 350 201
cake 298 171 323 196
cake 268 294 303 328
cake 318 434 349 459
cake 37 59 57 77
cake 92 276 121 300
fork 279 91 307 103
fork 149 304 187 332
cake 71 19 87 36
bowl 356 386 375 430
bowl 54 438 85 456
cake 86 29 99 47
cake 0 14 333 467
