dining_table 214 183 544 404
wine_glass 373 258 403 321
wine_glass 316 193 331 218
wine_glass 307 267 338 334
wine_glass 305 238 330 269
wine_glass 343 194 361 227
wine_glass 329 171 338 183
person 394 136 565 380
person 8 130 111 275
person 414 142 448 237
person 305 118 423 231
wine_glass 327 209 344 250
wine_glass 317 192 331 199
wine_glass 363 199 379 233
chair 2 197 61 310
chair 49 181 117 283
person 251 130 325 224
person 381 128 415 197
person 129 135 155 160
person 102 137 134 184
person 419 186 452 242
person 186 127 339 299
person 58 180 255 420
bench 291 149 640 420
handbag 325 332 396 394
wine_glass 346 179 357 193
wine_glass 36 172 46 187
cup 334 254 363 286
chair 1 336 63 422
person 129 145 191 192
dining_table 0 177 127 223
person 0 143 37 189
handbag 399 183 402 220
