horse 578 178 608 274
horse 91 203 146 347
horse 461 186 507 289
horse 394 181 462 337
horse 337 206 380 337
horse 173 202 231 355
horse 155 192 188 338
horse 272 178 325 347
horse 512 192 553 278
truck 35 159 183 236
truck 186 145 273 194
person 86 162 157 280
person 15 204 35 268
person 0 204 13 268
person 163 159 199 204
person 254 171 279 219
person 233 173 268 263
person 269 152 340 266
person 469 149 517 241
person 387 146 472 270
person 200 160 252 300
horse 554 182 577 236
person 338 150 391 221
person 576 141 615 220
person 519 160 564 237
horse 263 205 275 227
horse 605 184 620 220
person 272 142 639 319
