person 336 443 401 595
person 43 90 79 164
person 206 140 243 179
person 71 305 104 353
baseball_glove 181 443 191 456
person 193 312 233 353
person 172 290 187 313
person 158 309 188 355
person 270 143 293 170
person 103 418 185 542
person 123 312 150 354
person 223 286 249 329
person 268 280 297 306
bench 4 1 428 216
person 307 168 336 188
bench 34 424 312 447
bench 0 172 427 371
chair 184 79 199 92
chair 234 280 250 290
chair 174 107 193 115
chair 151 296 171 308
chair 251 281 266 291
chair 364 276 378 285
person 0 0 427 458
