tv 263 172 361 233
chair 293 306 406 386
couch 463 250 588 340
dining_table 211 274 505 409
person 491 183 526 256
chair 520 257 588 351
chair 144 232 190 270
chair 70 341 165 427
chair 444 299 542 361
chair 613 302 639 349
apple 83 262 114 272
vase 457 390 516 427
vase 595 390 639 427
bowl 74 267 123 280
book 378 132 397 138
vase 165 293 197 401
vase 198 277 227 402
book 201 222 210 242
vase 432 230 453 280
vase 193 221 201 242
vase 192 182 201 199
vase 186 158 202 175
chair 452 235 526 269
chair 472 211 493 225
couch 178 263 250 282
couch 404 266 482 279
