chair 221 220 301 347
chair 290 202 344 327
chair 25 283 224 418
couch 526 189 640 418
person 245 163 290 230
person 335 184 387 268
dining_table 54 222 309 344
refrigerator 387 122 433 270
clock 34 150 54 177
microwave 128 179 163 213
orange 155 228 162 235
orange 162 231 167 234
vase 82 157 95 175
vase 92 201 104 219
vase 88 184 96 197
backpack 468 353 561 421
handbag 444 231 497 276
chair 529 186 640 424
couch 21 284 224 424
dining_table 0 366 71 423
oven 332 205 360 261
oven 130 180 160 214
bottle 287 205 301 229
banana 109 247 122 261
