person 452 100 475 160
person 305 108 327 132
person 432 98 453 152
person 56 102 75 135
person 61 95 112 191
person 487 94 511 146
person 323 102 367 181
person 540 96 578 142
person 584 87 606 138
car 573 78 640 134
person 614 83 636 144
person 610 85 621 139
motorcycle 210 127 270 177
motorcycle 52 137 120 192
motorcycle 275 126 291 165
motorcycle 307 123 371 184
motorcycle 528 120 587 157
motorcycle 367 125 412 160
motorcycle 100 135 160 183
motorcycle 186 130 216 169
motorcycle 285 129 323 170
motorcycle 404 119 442 152
motorcycle 485 113 534 144
motorcycle 5 120 60 195
person 464 95 485 148
