bottle 107 287 123 329
chair 122 276 189 309
dining_table 127 252 536 381
person 453 223 598 348
person 432 207 476 262
person 522 205 575 267
person 570 206 640 301
person 220 207 350 289
person 312 217 353 255
chair 0 411 154 473
chair 199 260 231 293
chair 267 256 299 280
chair 35 293 130 429
chair 583 278 639 335
chair 573 244 593 268
clock 0 10 18 64
laptop 318 241 380 275
laptop 248 253 321 293
laptop 405 236 462 265
chair 589 321 639 358
chair 308 238 318 247
bottle 560 249 574 280
bottle 212 309 235 355
bottle 371 234 382 260
laptop 403 259 456 318
laptop 522 240 532 259
cell_phone 435 319 448 326
