person 270 64 432 248
person 205 49 318 175
person 372 61 445 214
person 532 73 569 131
person 53 1 266 300
person 590 65 631 116
donut 294 430 339 473
donut 189 443 235 476
donut 268 307 295 321
donut 308 256 345 272
donut 356 217 384 236
donut 355 426 400 466
donut 247 423 299 470
donut 283 413 338 444
donut 298 399 343 419
donut 210 452 266 480
donut 158 417 215 447
donut 149 444 201 473
person 612 39 640 112
person 487 168 640 322
person 486 62 544 114
person 179 74 256 143
bowl 188 187 251 220
bowl 203 296 340 384
donut 331 426 358 451
person 578 80 635 138
person 553 61 570 78
cell_phone 493 177 545 212
person 473 49 515 107
spoon 202 119 226 144
donut 159 180 561 479
person 227 62 256 114
