book 358 71 374 90
suitcase 152 19 257 54
suitcase 142 48 264 105
suitcase 136 101 274 141
suitcase 107 132 286 199
suitcase 112 171 293 245
suitcase 117 229 285 284
suitcase 116 276 276 335
suitcase 117 315 281 377
suitcase 119 362 274 439
suitcase 85 425 262 500
suitcase 79 479 270 555
suitcase 64 295 128 444
book 378 105 411 129
book 337 72 355 93
book 322 89 339 104
book 373 58 405 81
book 337 47 351 66
book 340 78 357 96
book 369 11 397 36
book 372 72 410 96
suitcase 264 423 306 520
suitcase 76 87 222 154
