bottle 59 189 71 219
bowl 261 414 281 426
oven 29 429 101 479
oven 317 406 388 479
bottle 607 156 624 210
bottle 128 279 146 310
bottle 524 321 534 334
potted_plant 348 388 380 423
potted_plant 313 387 350 424
potted_plant 280 354 304 383
potted_plant 303 357 332 384
book 595 292 638 359
potted_plant 360 368 369 378
potted_plant 368 365 382 381
potted_plant 384 367 396 378
potted_plant 395 367 411 377
potted_plant 257 357 281 384
book 609 307 622 362
book 629 314 640 369
book 625 303 639 370
bottle 97 234 110 252
oven 0 398 98 479
