traffic_light 342 62 353 88
traffic_light 152 69 163 93
person 296 154 369 354
person 271 180 299 236
person 203 178 230 239
person 258 182 273 237
person 237 185 258 230
person 481 183 490 192
person 414 184 426 197
skateboard 309 328 338 349
person 271 200 289 235
person 585 174 614 201
car 550 205 640 390
car 485 197 639 343
car 0 208 71 423
car 448 183 584 310
car 424 192 485 288
car 379 198 422 265
car 0 165 189 332
car 4 211 134 394
car 408 189 480 274
car 356 196 424 256
car 120 163 167 212
car 352 184 421 211
traffic_light 249 164 253 170
traffic_light 162 69 173 93
traffic_light 242 177 243 181
traffic_light 288 142 292 152
person 434 177 445 189
car 149 180 192 259
person 220 180 229 205
person 221 191 236 233
traffic_light 249 166 254 175
traffic_light 356 63 369 88
car 163 171 359 248
