car 236 290 296 359
car 283 193 311 218
car 482 196 529 227
car 536 269 640 377
car 326 152 342 164
car 535 219 609 271
car 355 142 362 150
car 460 180 491 208
car 586 169 614 200
car 414 173 438 192
traffic_light 159 219 170 230
car 302 172 319 188
motorcycle 412 168 419 178
bus 371 128 389 145
bus 351 126 373 140
truck 433 146 456 175
person 540 169 544 188
person 570 233 584 244
car 315 160 329 174
motorcycle 412 150 418 159
motorcycle 404 157 411 165
truck 344 215 419 289
truck 472 228 549 285
truck 0 236 90 290
person 411 162 419 169
car 339 149 352 158
car 1 119 639 363
