horse 144 185 465 387
dining_table 340 177 639 290
dining_table 55 184 147 200
dining_table 405 175 477 184
dining_table 186 171 227 180
dining_table 190 183 252 190
person 151 149 190 181
person 186 147 209 171
person 213 145 246 179
person 262 140 282 176
person 465 145 495 176
person 413 144 446 183
person 276 146 301 172
person 288 143 312 182
umbrella 467 105 547 177
umbrella 621 118 640 137
chair 58 193 147 293
chair 523 195 602 293
chair 456 192 530 284
person 442 137 473 173
potted_plant 337 32 443 124
potted_plant 392 130 420 177
potted_plant 393 131 421 176
potted_plant 155 136 189 169
person 0 147 43 246
chair 370 178 417 187
chair 338 177 363 187
chair 259 177 300 199
chair 148 195 186 271
chair 229 177 261 203
chair 528 176 572 191
chair 563 175 607 191
chair 404 174 443 186
chair 479 178 518 187
chair 515 175 547 185
dining_table 280 168 294 179
dining_table 601 180 627 186
dining_table 475 176 558 182
chair 8 171 639 273
