skis 293 246 344 254
skis 91 227 168 239
person 100 132 160 236
person 190 52 203 74
person 97 41 107 60
person 294 160 341 255
person 236 121 258 173
person 500 159 550 253
person 503 131 531 178
person 261 101 288 137
person 464 86 479 122
person 555 81 577 108
person 449 56 468 77
person 276 63 287 86
snowboard 123 61 141 68
person 284 66 298 96
snowboard 225 167 267 175
skis 225 168 267 173
skis 449 117 489 123
skis 260 134 284 139
skis 436 113 444 115
skis 495 83 504 85
skis 622 143 636 149
skis 288 93 298 98
skis 566 106 578 110
person 11 0 639 158
