dog 522 278 567 314
horse 29 192 385 480
person 523 229 547 285
person 519 245 527 279
person 616 232 633 284
person 546 227 568 291
backpack 518 244 524 257
backpack 546 239 575 273
person 627 233 640 281
person 475 239 482 254
person 483 239 490 255
person 493 238 500 256
person 506 239 510 253
person 512 240 519 269
person 605 235 616 253
horse 0 209 233 426
person 437 237 441 249
person 404 235 409 249
bicycle 396 247 412 257
bicycle 421 243 432 255
bicycle 492 253 498 266
person 375 205 472 263
