person 60 332 68 359
person 51 335 60 357
person 296 346 302 352
car 76 335 108 358
car 461 325 503 351
car 509 327 541 344
car 435 329 463 346
boat 421 382 531 411
boat 0 514 119 564
boat 386 363 453 378
boat 40 392 205 447
person 117 330 127 347
boat 0 486 80 518
boat 118 388 201 401
boat 0 451 93 495
boat 348 351 388 359
boat 153 373 209 383
boat 226 344 248 351
boat 413 375 484 400
boat 126 380 200 391
motorcycle 491 335 511 354
boat 334 347 353 356
car 0 336 41 362
car 160 323 181 342
boat 158 335 406 378
