bottle 303 271 322 319
chair 0 265 232 367
chair 392 221 409 234
clock 136 85 162 113
laptop 247 252 378 349
person 53 108 164 273
person 0 170 71 275
person 284 173 325 234
person 326 160 449 346
person 406 172 451 252
person 436 170 500 263
person 65 48 225 266
person 257 174 295 226
person 440 150 471 176
potted_plant 45 54 89 249
laptop 397 242 440 276
person 0 173 30 247
chair 210 223 220 239
chair 244 223 272 289
chair 268 225 306 305
chair 424 225 497 324
chair 300 229 382 302
chair 0 246 49 307
person 226 168 270 253
person 479 181 499 226
