tv 349 101 486 212
person 268 221 406 423
person 468 251 597 428
person 17 190 185 428
person 58 157 169 405
person 17 218 52 288
remote 158 213 167 233
remote 223 233 245 240
chair 0 229 37 317
remote 28 283 39 295
book 233 154 248 184
person 378 158 389 172
couch 566 290 640 427
remote 503 243 518 255
remote 514 269 532 280
remote 209 228 224 240
book 225 197 250 210
book 233 222 256 232
book 207 188 234 208
book 239 118 245 131
book 236 87 243 109
book 221 89 225 110
book 211 90 219 110
book 247 85 253 109
book 252 85 256 108
book 241 87 248 108
book 223 89 228 108
cup 173 210 183 227
book 150 97 157 108
book 132 81 275 204
