person 122 0 285 217
spoon 140 307 194 349
spoon 252 294 292 348
spoon 197 308 241 346
knife 203 373 278 426
spoon 343 310 382 353
bowl 283 321 334 367
bowl 231 321 287 364
bowl 335 323 382 366
bowl 334 354 392 423
bowl 223 344 288 417
bowl 102 353 180 415
bowl 178 317 240 364
potted_plant 255 2 381 180
knife 80 383 157 418
knife 5 380 90 418
knife 139 380 209 425
knife 303 357 378 399
knife 367 168 407 194
spoon 340 394 363 427
spoon 294 304 336 348
spoon 138 377 211 426
bowl 126 318 182 364
bowl 277 354 339 422
donut 481 283 513 311
donut 506 318 542 351
donut 443 189 473 215
donut 476 313 508 340
donut 513 292 546 319
donut 487 119 503 135
cup 89 160 162 253
bowl 32 331 137 414
