chair 11 76 81 215
chair 189 96 219 123
chair 165 97 191 120
chair 231 98 271 129
wine_glass 396 32 484 206
wine_glass 294 12 386 207
pizza 114 199 640 480
dining_table 0 189 640 473
person 503 120 640 167
bottle 551 0 568 40
bottle 534 4 550 41
bottle 73 69 90 78
bottle 63 29 88 41
bottle 61 9 85 21
bottle 36 62 57 70
bottle 386 15 420 34
bottle 585 6 595 37
knife 96 228 152 238
chair 605 108 639 152
chair 273 98 302 138
dining_table 49 103 325 211
bottle 384 0 416 17
chair 1 103 25 142
bowl 500 161 640 240
chair 87 94 118 114
