dining_table 79 277 494 442
person 444 33 638 436
person 13 138 141 441
remote 473 200 518 223
remote 29 307 71 321
chair 120 208 177 305
chair 143 207 229 308
chair 314 209 374 262
chair 201 361 345 436
chair 275 387 389 442
remote 250 317 295 330
book 245 133 256 164
book 192 87 290 122
book 217 137 220 165
person 414 183 498 274
chair 541 353 587 442
chair 622 207 640 250
book 282 136 286 164
book 201 46 206 77
book 202 38 289 76
book 252 136 259 165
book 246 181 250 203
book 273 178 291 194
book 597 20 603 55
book 586 73 590 109
book 189 47 196 78
book 215 137 217 165
chair 260 255 394 390
chair 384 209 432 261
chair 192 267 265 304
chair 221 260 259 274
