potted_plant 470 10 542 119
potted_plant 235 9 297 113
person 326 90 500 428
person 138 116 338 422
person 265 116 409 421
potted_plant 380 11 463 99
potted_plant 154 5 218 106
tie 348 216 370 259
potted_plant 303 3 369 112
chair 496 236 614 418
chair 97 154 338 274
chair 472 163 588 241
chair 250 226 298 420
chair 122 225 244 298
book 278 255 379 308
potted_plant 81 0 150 37
person 499 134 640 426
person 0 179 175 420
chair 0 149 90 219
chair 0 220 30 297
chair 586 165 610 236
potted_plant 572 0 638 46
