bottle 188 310 201 355
clock 317 211 324 219
couch 20 271 353 375
person 17 81 225 370
person 250 16 500 369
person 329 124 416 369
remote 367 184 380 198
remote 166 171 182 213
remote 261 264 290 342
book 316 160 341 184
book 278 176 311 225
person 183 258 283 375
remote 83 202 109 219
book 312 255 321 273
book 293 154 304 176
book 313 184 338 205
book 296 134 301 151
book 310 136 319 156
book 307 230 316 248
book 281 225 289 244
book 302 253 312 272
clock 408 198 424 211
book 339 143 347 160
book 332 143 338 159
book 326 140 333 158
book 265 132 373 292
