tv 164 155 409 309
clock 480 357 535 425
cup 353 319 383 343
bowl 9 408 44 432
person 302 182 396 283
book 207 411 215 459
book 257 412 263 447
book 307 414 312 464
book 357 422 361 474
book 142 408 432 473
clock 421 190 440 210
clock 235 109 253 125
person 187 204 312 283
cup 152 311 170 335
vase 313 302 352 342
vase 187 298 206 335
vase 227 299 263 339
vase 114 286 152 334
vase 422 292 454 341
vase 464 388 491 429
vase 571 262 607 305
vase 385 291 417 340
vase 355 319 381 341
vase 209 309 226 337
vase 152 311 170 334
bottle 48 373 83 422
