bench 169 77 344 121
person 341 201 436 341
person 33 302 110 472
person 246 275 369 415
person 281 268 410 449
person 291 21 335 78
person 539 200 612 369
person 440 116 527 260
person 206 148 335 290
person 27 35 94 196
person 64 3 128 136
person 391 289 515 427
person 202 9 248 57
tie 298 41 314 73
tie 366 51 375 78
tie 412 13 419 31
tie 271 43 276 62
tie 222 30 227 46
sports_ball 330 289 351 311
chair 173 55 220 114
chair 255 67 299 114
chair 226 63 271 123
chair 285 73 327 110
chair 312 76 354 121
chair 324 27 341 43
chair 354 32 369 48
chair 380 37 401 54
chair 158 36 173 84
chair 204 58 246 122
chair 525 11 558 43
person 473 89 509 150
tie 103 12 108 20
chair 511 8 529 40
chair 478 69 500 92
person 0 0 626 183
