bottle 41 472 86 510
person 96 96 320 582
wine_glass 410 69 426 101
cup 287 135 311 160
cup 354 133 374 158
bowl 50 228 131 276
bottle 9 407 64 446
bottle 0 403 55 429
cup 273 145 288 160
cup 359 117 384 134
cup 296 176 310 193
cup 315 176 324 194
cup 319 179 336 205
bottle 133 395 160 443
bottle 49 400 89 440
cup 317 140 338 159
cup 310 123 328 146
bottle 3 401 33 410
bottle 29 466 73 498
bottle 64 493 84 518
wine_glass 301 68 322 108
wine_glass 386 70 412 102
wine_glass 276 89 287 108
wine_glass 369 71 388 104
wine_glass 352 59 366 103
wine_glass 289 92 301 108
wine_glass 396 57 411 66
wine_glass 250 91 265 111
cup 270 135 288 147
potted_plant 0 15 100 146
cup 59 51 426 221
