dining_table 131 146 525 423
person 0 195 128 420
person 109 166 231 405
person 200 105 285 207
person 399 139 510 330
person 483 176 622 268
person 295 245 640 422
person 364 117 439 234
person 113 115 206 211
cup 338 302 370 351
cup 321 282 349 312
fork 173 355 195 384
dining_table 555 172 640 208
dining_table 254 136 310 149
person 0 129 30 209
person 427 115 516 191
person 364 120 399 163
cup 375 386 416 428
cup 200 346 221 398
cup 257 273 284 298
cup 284 223 296 243
cup 325 216 346 234
cup 246 242 270 284
cup 298 257 327 291
cup 336 206 354 231
chair 294 124 317 169
chair 557 147 588 183
chair 493 137 515 184
chair 341 132 359 159
chair 533 149 559 186
chair 19 145 36 204
chair 262 128 293 195
cup 295 232 316 255
cup 271 203 286 218
spoon 150 409 220 420
umbrella 29 106 40 173
cup 333 195 347 209
fork 226 247 243 259
fork 364 215 379 225
knife 134 404 218 423
fork 371 285 393 301
cup 251 176 360 298
