bottle 297 244 317 285
tie 454 195 470 252
tie 150 56 163 104
chair 195 187 256 242
chair 541 166 613 282
spoon 152 327 183 354
person 277 136 374 245
person 388 113 570 421
person 122 28 178 183
person 0 243 90 420
person 395 115 440 192
person 270 47 303 102
person 329 36 384 219
person 183 48 225 161
person 225 50 271 156
person 440 103 461 128
handbag 223 88 249 110
bottle 178 279 201 328
apple 182 322 207 355
person 242 216 467 426
handbag 65 170 87 203
chair 374 128 394 185
chair 619 199 640 280
dining_table 101 253 302 378
dining_table 180 220 356 295
dining_table 192 321 519 426
book 72 255 180 335
book 172 151 190 165
person 495 110 574 214
person 0 59 80 203
book 501 43 521 51
book 586 56 590 82
person 1 9 639 246
