car 352 106 374 143
person 5 128 44 225
person 272 91 279 119
person 166 95 187 145
person 224 99 241 148
person 216 105 228 148
person 193 105 208 148
person 202 101 209 127
person 284 100 291 119
person 185 101 196 144
bicycle 68 170 104 236
motorcycle 289 145 391 188
truck 442 47 480 120
traffic_light 405 44 410 53
traffic_light 387 59 391 64
traffic_light 347 73 353 79
fire_hydrant 196 142 209 175
person 346 85 352 103
bicycle 340 229 377 268
car 376 81 451 168
motorcycle 190 192 404 299
motorcycle 351 207 422 277
motorcycle 333 178 407 228
motorcycle 393 187 414 226
motorcycle 314 149 379 162
motorcycle 319 127 412 180
person 37 102 58 122
motorcycle 108 203 416 393
person 259 92 269 130
person 300 87 306 96
motorcycle 0 333 460 627
motorcycle 297 164 402 196
motorcycle 228 213 293 239
motorcycle 298 142 336 168
person 307 81 380 117
motorcycle 112 92 444 496
