chair 65 333 153 363
chair 537 339 640 427
chair 456 336 549 422
dining_table 2 352 217 422
dining_table 446 301 622 366
person 215 173 341 425
person 353 147 474 427
pizza 289 288 394 340
dining_table 0 308 133 330
boat 439 146 540 258
tie 252 237 289 257
knife 106 357 122 371
knife 119 376 132 397
chair 80 310 147 342
chair 0 319 32 367
chair 0 299 42 315
chair 91 384 218 427
chair 160 263 174 324
chair 460 306 484 324
chair 194 271 212 332
chair 170 264 198 328
potted_plant 34 188 83 246
dining_table 168 268 210 285
chair 303 347 353 394
chair 59 298 115 313
chair 0 257 202 426
