car 357 181 368 187
car 356 179 367 184
car 323 177 342 198
bus 0 0 183 250
bicycle 186 291 269 457
bicycle 266 239 300 333
traffic_light 274 0 305 33
traffic_light 441 80 458 115
person 485 167 514 225
person 173 157 275 445
person 247 158 311 316
person 318 178 336 235
person 294 169 329 295
bicycle 316 244 323 268
car 346 182 356 188
traffic_light 408 123 415 138
person 1 112 204 478
person 504 170 514 191
person 512 168 521 194
person 466 171 472 188
person 437 179 443 195
person 512 172 516 185
bicycle 45 411 95 480
traffic_light 225 133 235 149
traffic_light 466 149 472 156
traffic_light 365 162 370 169
