sports_ball 201 63 214 73
tennis_racket 231 42 252 135
person 238 124 387 481
person 55 68 130 164
person 248 28 298 121
person 395 0 445 110
person 466 130 517 180
person 403 115 463 177
person 341 105 400 174
person 286 81 344 163
person 230 72 295 160
person 169 67 231 171
person 0 72 51 152
chair 517 157 571 180
chair 522 122 570 168
chair 514 79 567 109
chair 400 78 454 119
chair 456 80 487 106
chair 344 75 396 111
chair 286 157 339 173
chair 228 156 283 174
chair 170 154 226 171
chair 346 121 399 154
chair 0 148 52 168
chair 56 148 110 170
person 292 27 346 131
chair 113 154 168 171
person 112 72 171 171
person 116 0 529 172
