tv 235 91 325 170
cat 499 255 536 276
couch 1 280 277 422
couch 481 243 640 423
clock 325 89 343 110
book 566 167 584 186
book 607 177 612 191
book 593 173 595 188
handbag 447 218 468 243
cup 457 266 474 292
fork 478 285 492 296
chair 480 185 517 247
dining_table 383 260 516 397
book 589 172 593 187
book 584 170 590 187
book 561 207 581 229
tv 518 176 540 193
tv 494 173 513 188
book 572 189 582 194
book 587 196 592 209
book 592 197 598 210
book 596 175 599 188
book 598 175 601 189
book 606 171 612 191
book 565 185 570 204
person 521 230 627 338
book 517 153 625 236
