person 14 146 35 194
person 451 169 468 186
person 147 157 153 166
person 67 151 76 171
suitcase 254 201 278 226
suitcase 259 163 322 194
suitcase 206 173 235 191
suitcase 360 252 380 292
person 360 142 443 336
backpack 178 155 207 177
suitcase 107 194 163 243
suitcase 438 243 485 304
suitcase 456 195 500 252
suitcase 328 230 357 264
suitcase 245 153 296 183
tv 318 135 337 153
tv 294 137 314 153
tv 249 138 263 151
tv 225 138 238 150
tv 211 138 223 150
tv 191 139 203 149
tv 180 138 190 149
tv 164 139 172 149
tv 154 139 163 149
tv 267 136 281 150
person 91 138 135 259
suitcase 204 191 234 211
suitcase 116 208 189 257
suitcase 233 169 253 200
suitcase 242 150 270 173
suitcase 21 137 499 317
