chair 20 180 58 199
chair 23 126 62 144
person 101 80 272 514
person 223 194 274 265
person 32 180 91 241
person 0 179 33 243
person 203 10 269 84
baseball_glove 182 209 231 260
person 0 58 74 138
person 88 0 138 100
person 133 3 174 62
chair 23 145 69 164
chair 64 126 106 147
chair 26 164 69 183
chair 0 161 29 182
chair 58 108 103 127
chair 103 108 139 129
person 207 120 249 184
person 163 0 213 57
chair 0 144 23 161
chair 1 127 21 145
chair 65 144 106 164
person 291 192 329 264
person 78 173 110 244
person 267 180 295 229
person 216 50 328 240
