bicycle 360 313 538 434
bicycle 178 456 338 480
bicycle 132 314 174 341
backpack 244 401 296 470
backpack 31 271 64 322
person 0 255 65 411
person 583 276 640 402
person 237 278 273 361
person 301 257 361 472
person 123 279 152 378
person 372 268 411 347
person 421 263 458 390
person 352 274 375 360
person 284 253 331 436
person 229 273 248 354
person 179 264 224 351
person 0 246 25 383
bicycle 0 424 105 474
bicycle 441 328 599 416
bicycle 428 354 443 380
bicycle 277 341 300 377
handbag 610 298 634 341
handbag 205 308 225 319
pizza 121 271 131 273
pizza 295 303 311 322
person 71 224 138 431
person 150 263 243 360
