boat 40 240 560 278
boat 328 115 455 130
boat 0 124 46 135
person 176 222 196 288
person 243 211 264 289
person 300 227 328 307
person 327 228 359 258
person 397 259 442 321
person 421 221 444 265
person 458 227 483 297
boat 505 96 537 104
person 514 224 535 308
person 528 225 543 295
truck 502 97 547 117
backpack 474 239 496 277
handbag 521 239 537 281
backpack 522 239 538 276
person 388 213 417 298
suitcase 322 241 352 276
suitcase 252 257 269 278
suitcase 241 255 246 270
person 313 224 328 247
boat 237 115 304 130
