person 139 200 182 295
person 178 194 216 299
person 274 195 319 308
person 314 161 366 308
person 455 151 498 313
person 324 257 450 389
person 318 185 342 294
person 361 187 368 202
backpack 197 202 222 245
handbag 595 332 625 359
person 389 232 440 297
backpack 278 268 307 307
backpack 346 302 412 381
backpack 511 332 618 389
backpack 159 207 172 211
skis 172 293 202 306
skis 214 284 273 312
skis 512 281 540 304
handbag 555 306 591 341
skis 125 284 191 303
skis 63 318 203 344
skis 6 344 157 394
