surfboard 464 274 639 376
surfboard 419 263 466 350
surfboard 444 266 498 361
surfboard 319 276 362 343
surfboard 297 267 362 339
surfboard 246 275 288 331
surfboard 235 272 273 336
surfboard 173 271 208 338
surfboard 264 283 312 339
person 329 191 356 263
person 407 188 428 231
person 428 189 448 247
person 455 187 481 229
person 543 190 571 248
person 524 188 543 241
person 428 223 495 274
person 225 199 251 260
person 250 197 265 218
person 165 236 184 272
person 291 195 315 251
person 381 195 394 231
umbrella 355 192 400 216
surfboard 405 268 450 349
chair 132 234 175 272
surfboard 149 277 191 334
chair 113 243 146 274
person 491 196 512 250
surfboard 350 270 389 342
surfboard 379 269 432 346
surfboard 46 274 384 339
person 113 49 639 389
