airplane 0 19 323 313
bus 310 82 498 177
truck 468 46 488 59
truck 462 57 480 67
handbag 267 152 276 172
handbag 416 166 424 177
suitcase 293 183 306 218
person 410 113 423 141
person 439 210 477 303
person 271 145 286 189
person 179 103 185 127
person 298 153 315 208
person 403 132 417 172
person 413 155 436 207
person 428 169 460 227
person 349 161 374 224
airplane 489 30 500 34
handbag 313 177 319 186
handbag 448 177 457 198
suitcase 365 197 380 216
person 234 120 252 149
person 382 125 399 170
person 455 170 499 236
backpack 459 233 478 270
backpack 401 170 414 193
backpack 214 118 219 128
backpack 232 121 239 132
backpack 128 126 135 134
backpack 407 138 415 153
backpack 388 131 399 149
backpack 483 182 499 212
backpack 446 177 458 197
backpack 246 121 250 124
handbag 344 198 356 218
person 389 161 412 221
suitcase 344 198 356 218
truck 484 57 500 66
handbag 453 198 460 214
handbag 483 181 499 211
handbag 277 156 283 172
person 122 46 439 221
