potted_plant 0 351 70 502
dining_table 0 426 229 630
cup 68 287 86 306
cup 99 290 117 306
cup 66 220 82 253
bowl 68 471 95 488
bowl 69 467 97 475
bowl 69 459 95 471
oven 130 396 232 533
sink 290 385 453 477
book 385 247 394 291
vase 0 421 23 501
vase 13 415 46 462
wine_glass 16 215 34 248
wine_glass 30 217 45 247
wine_glass 55 222 67 250
wine_glass 42 220 56 250
cup 84 288 99 306
cup 104 230 117 258
bowl 14 295 43 305
bowl 14 293 44 295
bowl 45 288 62 295
book 373 249 385 292
wine_glass 93 229 105 253
wine_glass 10 217 22 250
wine_glass 104 231 113 255
wine_glass 113 232 123 258
wine_glass 98 230 108 256
wine_glass 41 223 47 241
cup 41 294 61 306
cup 84 290 88 300
cup 304 267 314 283
bowl 15 273 44 294
book 360 241 384 293
book 394 250 403 293
