refrigerator 224 114 417 326
cup 148 252 171 279
cup 118 269 151 294
bowl 108 307 181 350
bowl 208 279 285 312
handbag 422 174 476 321
person 69 129 158 287
person 161 98 248 291
person 520 120 633 420
backpack 562 193 640 289
cup 135 294 151 311
cup 168 283 185 312
knife 0 293 68 304
book 448 225 508 272
person 610 143 640 223
person 434 123 555 426
person 560 101 623 205
cup 184 269 200 296
cup 172 270 184 285
oven 0 214 36 285
person 0 112 91 287
dining_table 0 249 217 426
cup 165 290 180 311
