bottle 341 279 358 315
refrigerator 0 206 55 415
refrigerator 574 213 640 395
bowl 366 293 403 315
banana 289 305 299 316
apple 319 306 325 313
apple 306 305 315 315
oven 199 279 266 372
sink 256 269 351 277
cup 327 300 340 312
dining_table 265 293 411 429
oven 76 246 196 383
vase 391 176 403 187
apple 297 304 307 315
bowl 382 263 400 272
bowl 83 256 113 277
bowl 124 270 149 277
bowl 624 209 640 215
bowl 0 190 30 209
vase 194 179 203 187
vase 195 149 204 158
vase 389 152 399 158
bowl 156 254 191 278
