umbrella 295 112 403 148
chair 286 205 485 282
person 0 142 70 232
person 389 134 475 223
dining_table 2 278 640 474
person 14 146 72 268
dining_table 37 196 114 276
fork 219 70 284 325
hot_dog 118 303 417 447
chair 446 200 478 237
potted_plant 370 51 462 117
potted_plant 371 142 394 185
potted_plant 119 47 260 151
person 319 143 397 216
chair 497 210 518 249
chair 511 194 535 258
chair 0 205 30 278
chair 147 191 164 211
chair 175 191 179 210
dining_table 233 204 321 254
person 227 169 235 183
handbag 13 233 53 280
person 108 119 157 251
