bottle 407 408 423 456
bus 585 178 634 208
umbrella 338 183 384 199
umbrella 384 166 461 189
umbrella 16 149 195 265
umbrella 185 165 278 191
person 228 189 282 280
person 217 256 283 369
person 293 185 340 333
person 77 230 117 273
person 172 198 212 257
person 389 205 431 312
person 164 199 180 245
person 367 309 465 441
person 606 204 628 229
person 340 198 366 272
person 469 296 601 430
person 481 285 541 354
person 475 280 512 323
handbag 310 210 328 231
bowl 97 304 150 330
bowl 177 286 205 306
bowl 462 319 478 334
person 48 186 612 388
