person 304 267 364 355
person 351 135 370 188
person 529 178 571 241
person 459 103 482 134
person 381 146 398 189
person 111 256 166 339
person 447 78 460 92
person 19 150 37 189
person 383 161 411 228
sports_ball 292 225 296 230
chair 324 164 341 187
chair 33 226 61 259
chair 52 221 65 234
chair 73 178 85 204
person 422 73 436 92
person 77 164 101 203
person 311 69 331 91
person 494 59 507 73
chair 67 179 75 183
chair 129 74 141 81
tennis_racket 303 289 320 305
tennis_racket 563 189 570 195
tennis_racket 394 182 405 191
person 1 0 639 261
