chair 253 197 335 328
chair 81 198 109 233
chair 67 181 114 251
chair 57 166 76 185
chair 77 147 100 181
chair 261 150 292 191
person 280 111 302 143
cake 174 30 254 168
cake 159 158 260 222
dining_table 2 326 375 500
dining_table 243 184 365 302
dining_table 83 174 175 314
cake 148 274 263 356
cake 137 372 282 483
chair 257 182 283 203
potted_plant 42 104 77 154
potted_plant 329 100 369 147
chair 139 149 158 172
chair 166 139 174 146
chair 70 183 93 228
chair 322 149 342 180
chair 73 212 120 317
chair 311 177 327 200
chair 237 127 312 167
