chair 400 372 503 421
chair 33 364 124 422
cup 215 344 241 368
cup 277 311 292 336
cup 199 333 219 364
cup 327 305 344 343
fork 236 370 276 395
dining_table 166 314 392 407
person 0 248 93 427
person 72 219 141 340
person 82 248 202 421
cup 192 321 211 349
knife 288 373 305 392
knife 331 369 363 375
spoon 336 369 362 377
bowl 188 365 255 388
chair 188 278 207 323
person 293 236 476 421
person 465 230 570 427
person 0 214 26 296
person 369 211 409 326
person 451 198 604 371
person 250 222 349 316
handbag 560 339 611 426
bottle 238 312 249 353
bottle 342 308 352 349
bottle 289 316 301 341
wine_glass 255 309 273 341
wine_glass 267 304 282 332
cup 313 318 336 344
cup 266 302 284 317
cup 349 334 370 357
cup 248 324 258 351
cup 225 305 245 318
chair 556 316 599 404
chair 259 272 334 279
bowl 306 362 367 389
cup 324 342 356 363
cup 247 306 263 326
cup 215 325 236 343
cup 241 311 247 317
cup 216 307 362 357
