horse 454 335 482 403
horse 485 291 562 441
person 124 270 141 331
person 257 262 278 319
person 554 267 624 384
person 604 264 629 309
person 424 267 448 310
person 30 274 53 347
person 167 258 177 277
person 415 265 430 290
person 407 253 418 284
person 481 251 488 270
car 579 247 600 260
umbrella 0 248 43 266
umbrella 17 248 95 287
umbrella 425 241 470 252
umbrella 197 258 224 267
umbrella 96 254 141 269
umbrella 467 238 502 246
handbag 454 278 460 292
handbag 121 281 138 302
person 136 270 146 308
bicycle 319 281 353 311
car 607 246 615 257
person 444 264 465 317
person 5 247 639 328
