chair 4 236 332 471
chair 454 131 496 203
chair 478 133 573 271
chair 610 146 640 235
chair 109 147 171 216
chair 433 124 459 186
chair 0 163 43 240
chair 146 267 235 356
couch 498 326 640 471
couch 161 170 423 290
dining_table 453 140 511 152
person 303 85 315 109
person 313 75 344 129
person 408 80 432 150
person 607 84 640 139
vase 329 204 379 228
vase 220 92 245 144
vase 375 96 404 162
person 283 75 307 154
tie 614 104 627 130
chair 287 129 362 172
chair 631 181 640 193
person 419 82 442 152
person 336 85 347 94
person 252 79 274 169
person 390 89 408 153
person 238 85 269 166
chair 508 125 531 144
