umbrella 37 15 384 165
person 80 160 295 558
person 37 190 43 210
person 80 188 90 207
person 336 288 375 392
person 2 186 9 199
person 9 197 15 201
umbrella 506 178 519 200
umbrella 457 180 487 194
umbrella 465 197 493 206
umbrella 363 187 380 195
umbrella 330 190 348 198
umbrella 324 178 342 183
umbrella 444 194 459 198
umbrella 488 197 506 202
umbrella 512 194 531 203
umbrella 59 186 81 193
umbrella 249 190 270 198
umbrella 396 189 414 196
person 261 150 359 557
person 129 192 136 219
umbrella 311 183 639 206
