banana 155 328 257 404
banana 245 232 566 408
banana 227 332 292 407
banana 136 410 228 466
banana 150 400 205 422
banana 122 316 292 474
orange 484 396 546 448
orange 525 327 640 424
apple 242 135 275 163
apple 430 147 468 178
apple 195 80 224 108
apple 460 169 487 193
apple 508 151 582 196
apple 390 125 594 203
apple 160 98 183 120
apple 213 62 241 91
apple 214 92 242 121
apple 240 69 265 87
apple 226 110 253 130
apple 295 79 329 97
orange 543 401 621 474
orange 53 246 70 264
orange 42 292 56 307
orange 42 270 61 288
orange 60 271 72 276
orange 71 260 86 272
orange 76 244 96 260
apple 0 63 346 228
