person 358 223 448 423
person 232 173 273 295
person 277 229 332 332
person 317 171 391 327
person 273 183 293 244
person 165 182 198 245
person 104 170 124 247
person 153 179 170 241
person 489 188 515 253
person 448 157 495 289
snowboard 325 138 351 174
snowboard 243 242 250 288
snowboard 419 180 438 260
snowboard 197 178 227 290
skis 435 173 479 284
snowboard 436 173 482 286
person 129 177 152 247
skis 558 173 611 210
skis 601 185 611 227
skis 163 188 174 234
skis 203 206 227 289
skis 145 217 152 246
skis 491 231 500 252
skis 119 214 133 236
skis 442 205 473 222
skis 326 139 384 230
person 1 164 639 270
