person 548 218 553 227
snowboard 304 313 319 319
snowboard 508 263 528 267
backpack 303 292 307 301
person 483 237 488 247
person 520 229 523 235
skis 191 277 201 280
person 321 234 328 252
person 303 282 325 316
person 190 254 199 279
person 448 230 456 242
person 518 243 521 259
person 632 282 639 301
person 508 238 512 247
person 513 239 518 249
skis 480 256 495 258
skis 441 241 452 242
snowboard 485 262 491 264
snowboard 506 252 513 254
snowboard 355 245 364 247
skis 510 263 526 266
person 468 237 470 240
person 507 239 514 253
person 353 229 533 268
