skateboard 220 284 287 344
skateboard 118 471 139 542
person 21 234 84 379
person 39 264 121 463
person 248 430 268 492
person 229 440 248 492
person 222 440 233 489
person 328 443 344 501
person 231 202 358 314
person 313 432 329 471
person 1 173 59 402
skateboard 0 375 84 565
skateboard 103 458 122 550
skateboard 142 432 164 537
person 205 432 224 492
person 39 263 88 321
person 0 151 21 183
skateboard 201 443 210 489
skateboard 237 464 246 489
skateboard 333 493 342 499
person 27 173 103 266
person 1 311 323 639
