bus 212 112 400 314
bus 102 151 215 296
bus 397 187 443 265
bus 463 201 510 261
backpack 500 235 548 289
backpack 582 243 597 268
handbag 73 254 80 258
person 490 206 563 402
person 593 227 623 307
person 561 230 598 311
person 237 224 259 246
person 56 243 68 281
person 40 246 52 280
handbag 47 251 55 264
person 624 233 636 282
person 31 244 41 277
person 68 243 77 268
person 561 230 572 296
person 46 243 56 256
person 25 241 33 261
handbag 630 248 637 259
person 95 244 103 275
handbag 59 252 68 260
handbag 93 259 100 269
person 566 277 589 309
