car 426 117 477 154
fire_hydrant 283 178 352 321
person 30 59 114 135
person 330 100 346 141
person 259 96 271 144
person 377 96 394 146
bench 0 165 172 323
bench 12 133 152 165
backpack 72 96 114 134
traffic_light 233 51 244 66
traffic_light 211 14 225 32
person 246 94 263 142
person 296 104 305 145
truck 0 70 116 137
truck 458 114 500 234
traffic_light 298 36 311 70
handbag 299 110 307 119
person 333 93 338 105
person 356 99 366 134
person 471 93 486 115
person 216 101 231 137
person 240 99 250 120
car 116 109 152 127
person 282 104 295 144
