kite 176 237 257 258
kite 331 64 389 85
kite 281 216 422 265
kite 222 265 395 323
kite 240 124 264 136
kite 431 29 450 44
kite 116 178 136 191
kite 232 20 242 30
kite 221 179 453 241
kite 461 252 480 269
kite 506 195 523 215
person 521 361 568 480
person 497 381 528 478
person 452 369 505 480
person 404 345 457 480
person 293 385 350 444
person 260 341 308 465
person 215 327 257 470
person 27 361 52 426
person 33 339 59 414
person 154 379 213 420
person 92 372 119 417
car 570 344 593 356
car 600 343 614 355
car 616 344 623 352
kite 323 160 465 215
kite 280 92 326 106
car 475 347 492 355
car 558 345 577 355
car 487 346 499 355
car 472 348 482 354
person 59 364 83 397
car 386 348 396 356
car 404 346 422 355
person 140 359 173 407
kite 54 0 622 263
person 4 187 635 452
