kite 202 334 291 353
kite 366 327 474 346
kite 512 323 624 342
kite 119 178 132 184
kite 152 174 159 178
kite 157 248 179 270
kite 340 229 349 233
kite 354 209 361 215
kite 498 223 508 228
person 224 298 267 346
person 415 290 435 331
person 185 283 192 302
person 555 292 580 335
person 162 284 170 302
person 211 280 221 304
person 150 282 155 301
person 274 283 279 296
person 135 281 143 299
person 290 280 297 297
person 194 282 569 302
person 351 278 358 296
kite 190 231 219 248
kite 161 146 170 150
kite 0 303 53 324
person 485 271 492 291
kite 440 168 456 173
kite 0 149 520 289
person 0 268 562 310
