person 413 4 624 419
person 219 11 305 72
banana 0 265 54 286
banana 0 234 111 287
banana 224 159 294 230
banana 66 253 146 301
banana 295 223 322 273
banana 262 149 341 178
banana 197 177 244 229
banana 249 229 327 303
banana 109 204 180 286
banana 204 239 265 300
banana 257 168 299 209
chair 33 52 91 199
chair 0 33 71 194
chair 214 61 271 114
chair 346 63 388 136
chair 179 48 225 107
chair 381 74 426 118
chair 450 64 497 81
chair 296 41 335 76
chair 182 18 227 62
chair 45 22 87 59
chair 127 26 171 63
chair 268 61 316 97
banana 16 199 106 249
dining_table 84 85 183 102
dining_table 492 105 531 153
dining_table 585 212 639 384
banana 337 255 394 294
chair 310 75 355 109
dining_table 263 89 351 121
dining_table 424 79 498 166
banana 126 139 476 354
