couch 145 192 322 292
chair 522 274 609 417
chair 265 222 327 308
chair 340 196 422 244
couch 338 193 429 242
dining_table 202 244 560 420
spoon 246 340 292 373
cup 305 295 326 348
fork 373 381 411 423
knife 395 393 429 425
knife 326 299 362 308
spoon 239 342 276 371
spoon 469 335 518 351
spoon 494 264 501 271
spoon 434 418 449 425
spoon 322 294 362 303
bowl 329 234 363 248
chair 182 344 327 420
vase 410 203 453 289
wine_glass 394 279 435 365
wine_glass 445 239 476 286
wine_glass 367 252 393 287
wine_glass 414 225 425 245
cup 473 241 488 273
cup 445 278 465 326
cup 20 191 40 213
cup 49 203 56 212
knife 486 291 538 308
spoon 498 263 512 275
chair 455 217 512 265
chair 162 229 284 327
potted_plant 395 158 476 306
potted_plant 414 138 426 173
fork 469 331 518 346
