potted_plant 561 183 594 224
chair 278 314 384 474
chair 428 316 548 466
chair 544 309 640 468
dining_table 237 257 638 440
refrigerator 14 112 84 473
bowl 406 256 439 284
banana 346 254 367 266
apple 361 255 369 263
microwave 472 211 530 236
sink 333 230 401 239
vase 300 244 323 278
cup 471 248 494 282
cup 436 166 444 178
cup 477 169 485 180
bowl 338 254 385 283
bowl 481 109 505 125
bowl 507 113 531 125
bowl 480 137 501 146
bowl 502 137 526 151
apple 346 258 356 265
apple 369 260 380 267
cup 427 163 435 180
bowl 427 84 463 93
bowl 276 83 296 90
bowl 480 88 517 97
bowl 244 83 262 89
oven 373 255 471 277
oven 415 242 472 260
