sports_ball 242 286 266 309
car 72 84 138 100
car 332 104 427 134
car 323 89 359 106
person 317 152 442 316
person 412 166 517 331
person 518 142 607 247
person 174 121 191 163
person 155 141 176 160
person 259 144 274 164
person 135 92 153 121
person 254 120 274 149
person 276 118 295 151
bench 0 103 108 124
bench 211 120 238 127
backpack 372 142 383 152
backpack 396 143 404 152
backpack 424 154 434 167
backpack 406 155 417 165
person 521 131 621 279
car 519 103 553 127
truck 505 103 555 128
truck 226 77 309 128
bench 130 108 162 126
backpack 421 147 435 154
person 268 144 281 163
truck 324 89 359 112
person 199 122 214 163
person 222 121 234 154
bench 326 141 394 163
bench 382 143 439 156
bench 400 152 425 155
person 21 85 636 167
