tie 352 179 378 236
bottle 197 271 233 380
person 278 25 471 264
person 0 89 81 265
person 101 29 292 231
fork 126 329 174 361
chair 470 163 500 244
dining_table 0 207 536 427
dining_table 227 58 349 147
dining_table 0 49 46 95
person 493 115 640 333
cup 330 269 355 296
cup 145 230 167 258
cup 194 219 216 246
cup 438 329 466 371
cup 5 280 34 314
cup 35 265 64 300
cup 379 332 411 374
cup 458 243 502 305
cup 167 230 190 258
cup 148 200 170 226
cup 4 262 32 283
cup 401 315 430 352
bowl 231 68 255 87
bowl 278 85 307 98
chair 75 1 165 153
chair 482 87 555 248
person 1 0 105 89
cup 368 356 417 426
person 429 310 640 373
cup 10 10 562 426
