person 350 489 423 620
person 274 175 375 314
person 183 88 210 164
person 373 42 399 110
person 73 430 104 481
person 178 402 202 435
person 373 357 398 425
person 104 374 125 437
person 453 344 476 426
person 2 372 29 444
surfboard 182 111 193 147
person 457 27 478 97
person 416 37 436 97
bicycle 257 69 277 97
bicycle 257 382 281 412
bicycle 242 73 269 92
bicycle 328 383 353 408
bicycle 323 74 337 90
person 189 119 249 324
surfboard 307 503 420 631
surfboard 172 423 225 469
surfboard 135 176 200 281
surfboard 54 135 120 149
surfboard 260 298 363 325
surfboard 56 451 117 460
person 2 10 481 448
