bird 363 434 427 477
cow 443 119 566 314
cow 23 279 184 374
person 168 38 269 220
cow 380 269 633 393
bowl 160 218 188 232
bowl 114 217 138 229
bowl 138 220 163 230
bowl 99 212 123 229
bowl 137 213 173 218
bowl 115 204 140 217
bowl 138 205 173 212
bowl 130 179 151 187
bowl 140 191 151 198
bird 254 377 281 434
bird 263 345 310 395
bird 393 76 451 133
bird 388 129 403 156
bird 228 292 243 321
bird 274 328 299 364
bird 376 297 404 318
bird 413 278 429 288
bird 554 76 607 119
bird 588 189 623 215
bird 188 304 229 332
bowl 138 217 170 220
person 38 52 127 200
bird 252 304 280 321
bird 211 119 616 437
