car 537 296 567 314
person 118 214 210 434
person 198 217 288 437
person 283 218 370 444
person 368 228 455 444
person 449 228 536 443
person 447 152 522 305
person 373 149 449 284
person 228 143 301 293
person 164 151 229 296
tennis_racket 396 330 441 443
tennis_racket 303 326 352 444
tennis_racket 469 331 514 437
tennis_racket 417 219 456 271
tennis_racket 252 208 288 263
tennis_racket 187 201 231 243
tennis_racket 123 318 170 439
tennis_racket 219 317 263 443
tennis_racket 468 222 513 274
person 82 151 160 425
tennis_racket 331 205 372 254
tennis_racket 185 237 223 277
person 298 130 379 267
