bird 226 189 347 259
bird 104 124 180 182
bird 24 392 79 427
chair 214 237 622 420
chair 311 104 366 176
bicycle 22 80 53 115
person 189 58 267 168
person 277 60 345 174
person 394 81 423 123
person 196 69 223 123
person 340 67 377 136
person 419 67 436 98
person 331 38 369 97
chair 207 100 268 173
potted_plant 43 91 196 182
potted_plant 557 69 607 114
person 166 72 199 116
bicycle 149 73 163 94
bicycle 18 85 31 113
bicycle 13 94 22 115
backpack 204 61 213 67
person 287 74 315 118
person 255 70 298 172
person 430 68 457 122
person 68 53 93 104
backpack 511 139 638 217
chair 386 93 434 129
chair 410 139 447 171
potted_plant 0 153 48 244
person 610 65 633 98
chair 167 101 180 115
chair 166 176 206 229
chair 181 101 198 123
chair 468 114 640 220
chair 457 91 516 121
chair 195 98 212 130
chair 209 97 227 123
person 99 37 613 179
chair 122 78 635 426
