person 333 137 445 426
person 451 157 499 307
person 300 144 337 204
person 526 183 536 202
person 144 144 202 264
person 1 196 81 409
person 245 144 286 204
bowl 285 276 330 292
bowl 326 281 359 292
banana 573 274 635 330
apple 576 315 621 346
orange 622 291 640 313
bottle 86 275 101 320
bottle 176 248 186 269
bottle 184 248 191 269
bottle 212 229 226 269
apple 631 274 640 292
sink 99 325 302 385
person 427 185 441 198
person 7 169 50 247
orange 614 304 640 345
refrigerator 490 207 640 420
knife 297 205 307 230
knife 314 204 317 214
bowl 273 265 328 289
bowl 251 204 274 216
