car 391 339 537 444
car 613 356 640 394
fire_hydrant 217 392 246 458
person 0 344 52 477
person 113 362 151 414
person 161 361 188 398
person 138 365 155 392
bicycle 309 382 336 442
truck 549 348 638 416
parking_meter 379 338 401 432
chair 114 391 201 441
chair 264 387 287 431
chair 223 389 249 413
chair 313 390 325 419
chair 345 388 368 421
chair 291 380 312 392
chair 187 391 198 398
potted_plant 243 376 252 396
person 82 362 113 397
car 526 359 588 425
chair 83 387 121 440
chair 340 390 347 425
chair 362 379 381 422
potted_plant 285 374 293 394
dining_table 213 394 227 421
dining_table 270 390 317 418
dining_table 352 386 380 406
dining_table 244 393 280 418
dining_table 149 392 182 421
dining_table 340 388 349 411
vase 246 391 252 395
vase 256 382 261 388
vase 287 389 292 393
vase 300 382 305 385
vase 318 385 322 390
vase 360 383 365 389
potted_plant 298 369 309 385
