umbrella 172 33 377 216
umbrella 283 133 370 174
bicycle 425 250 462 352
bicycle 444 209 554 358
car 401 213 418 230
car 583 207 640 348
car 563 218 593 241
chair 40 223 113 353
person 128 165 197 291
person 27 158 102 334
person 276 199 294 217
person 256 196 270 230
truck 466 197 575 274
umbrella 40 0 166 38
umbrella 332 165 383 217
umbrella 344 187 384 202
chair 202 219 238 274
chair 235 207 252 215
chair 288 222 305 256
chair 0 240 14 259
chair 131 233 178 291
person 287 198 317 227
car 585 213 611 234
dining_table 169 218 212 263
dining_table 278 215 317 223
handbag 471 222 497 272
chair 256 219 267 244
