tennis_racket 245 241 275 294
person 441 171 475 208
person 210 153 297 325
person 396 125 427 164
person 120 156 148 199
person 294 153 360 324
person 504 174 531 202
person 368 105 401 145
person 39 159 65 197
person 456 49 485 85
tennis_racket 328 221 359 280
chair 441 418 539 480
person 373 14 393 45
person 419 78 443 109
person 149 157 179 201
person 443 74 473 97
chair 543 425 639 472
chair 366 191 394 201
chair 326 110 348 126
chair 303 112 326 128
chair 159 128 184 148
chair 85 112 110 132
chair 133 128 158 146
chair 64 112 84 127
chair 375 68 395 84
person 0 0 639 350
