person 272 563 284 601
person 184 565 187 572
person 235 561 244 576
person 98 556 116 608
person 116 556 123 566
person 123 554 129 566
person 146 554 152 568
person 156 553 163 572
person 171 557 177 571
person 192 555 198 576
person 221 562 230 576
kite 333 398 350 412
kite 266 474 273 482
kite 235 510 238 514
kite 186 481 194 491
kite 75 418 86 425
kite 45 497 56 503
kite 382 456 390 474
kite 394 480 400 490
kite 400 316 411 336
kite 179 467 187 474
kite 77 379 81 382
kite 310 318 323 337
person 67 549 89 601
kite 401 316 406 321
person 313 564 319 582
person 0 532 427 602
kite 19 312 423 554
