dog 201 306 232 323
boat 201 193 248 264
boat 51 200 115 256
person 412 265 436 345
person 469 286 490 343
person 293 251 301 289
person 496 262 516 337
person 571 244 581 267
person 350 249 364 283
person 332 247 342 280
person 238 245 247 264
person 488 276 504 341
person 540 242 567 269
person 478 249 487 263
person 314 251 325 282
boat 183 209 213 240
boat 529 259 558 269
boat 464 188 508 263
boat 513 187 552 255
person 344 252 351 276
boat 357 228 376 234
boat 255 174 339 283
boat 587 232 613 235
boat 443 230 459 233
person 96 222 621 286
