train 0 224 326 355
person 347 228 421 360
person 303 252 340 357
person 248 262 290 358
person 415 223 454 283
person 327 241 351 316
backpack 262 272 287 317
backpack 347 264 391 320
person 588 175 640 309
person 479 209 511 285
handbag 300 270 323 317
suitcase 423 272 476 354
suitcase 240 316 273 359
suitcase 408 248 418 263
person 504 193 572 322
person 390 224 411 267
person 377 223 397 264
backpack 333 251 362 282
handbag 341 303 363 339
suitcase 476 250 500 283
suitcase 506 266 545 311
suitcase 303 319 318 359
suitcase 445 244 463 272
person 454 202 484 268
