person 76 134 87 163
person 93 130 100 157
person 480 145 489 168
person 598 129 606 140
bicycle 272 175 299 196
bicycle 304 174 315 195
bicycle 314 179 322 193
bicycle 330 178 353 192
car 413 115 430 124
car 523 110 546 128
car 94 119 103 132
truck 11 109 71 134
boat 99 280 184 320
boat 49 281 120 323
boat 0 286 67 328
boat 375 237 445 266
boat 417 231 488 261
boat 533 225 567 243
boat 562 218 632 238
boat 596 214 640 234
bench 530 153 554 168
bicycle 312 177 327 193
boat 455 231 509 255
boat 486 224 528 252
boat 513 225 552 251
boat 1 304 14 327
person 582 138 591 162
person 568 137 575 160
car 445 117 454 122
boat 541 222 594 243
bicycle 564 144 580 159
boat 554 207 639 396
