backpack 152 273 163 295
handbag 484 264 513 334
suitcase 44 435 86 479
suitcase 430 354 460 391
suitcase 524 318 554 379
person 0 247 84 472
person 91 258 143 391
person 125 264 149 356
person 228 255 269 358
person 487 257 533 371
person 208 264 218 292
person 567 260 595 321
person 611 263 636 337
person 170 266 186 317
handbag 93 276 133 346
handbag 418 288 428 318
tie 231 276 234 285
person 415 266 452 384
person 460 265 479 309
tie 617 276 624 295
suitcase 427 332 469 356
person 475 261 488 307
person 153 269 167 318
clock 198 357 205 363
clock 189 356 196 363
clock 203 349 217 374
person 1 4 603 382
