cell_phone 150 191 163 203
person 224 125 404 257
person 58 4 206 105
person 28 197 243 363
person 411 100 545 265
person 37 119 207 293
laptop 488 130 556 192
chair 245 300 344 411
chair 236 227 332 331
chair 441 278 536 419
chair 427 211 524 345
chair 389 38 467 113
chair 63 64 160 150
chair 406 148 445 279
chair 403 91 433 138
chair 371 2 449 106
chair 377 0 434 20
cell_phone 354 64 371 74
cell_phone 354 99 371 112
cell_phone 331 168 348 180
cell_phone 121 256 139 271
book 0 73 29 111
book 477 309 530 348
book 459 241 512 275
person 18 362 203 427
person 0 0 68 88
person 487 298 631 427
person 256 53 355 128
chair 33 318 151 399
book 275 338 333 379
book 255 0 295 17
book 412 68 459 96
person 88 0 211 89
backpack 536 156 566 212
chair 411 129 421 150
person 239 4 357 111
chair 465 359 506 427
chair 106 1 366 426
