tv 1 0 70 90
chair 130 163 181 227
chair 172 147 229 194
chair 98 159 135 187
chair 222 160 240 168
dining_table 443 375 640 423
dining_table 181 162 250 253
dining_table 19 185 154 217
dining_table 190 177 272 262
person 245 48 350 300
person 315 76 432 320
person 402 29 498 329
person 470 61 585 397
pizza 129 342 268 413
pizza 166 385 210 415
pizza 0 262 171 367
book 150 37 161 57
book 186 59 190 77
book 201 56 216 77
book 173 59 178 77
book 190 58 195 76
pizza 262 388 357 424
pizza 2 202 23 214
knife 407 351 452 391
dining_table 2 154 174 197
dining_table 571 207 640 389
book 194 59 198 78
book 204 30 207 50
book 594 147 619 189
book 151 82 168 107
book 198 57 202 77
book 149 60 166 78
book 613 149 638 192
pizza 344 411 417 423
chair 187 168 208 211
book 581 147 600 189
book 140 26 629 307
