skateboard 372 267 494 325
person 208 52 468 325
person 532 165 589 330
person 209 247 254 311
person 217 344 264 405
person 243 275 260 313
person 167 335 183 374
person 115 311 164 379
person 9 334 72 396
person 574 220 633 316
skateboard 133 362 164 380
skateboard 48 380 76 398
skateboard 216 300 243 312
skateboard 222 390 249 409
person 253 369 265 404
bicycle 508 295 542 331
bicycle 485 290 638 336
bicycle 83 364 112 385
bicycle 238 298 265 314
person 87 344 105 379
person 103 357 111 372
skateboard 48 173 55 180
