person 145 95 281 267
person 312 81 460 278
person 447 89 640 365
laptop 265 230 491 480
laptop 328 219 500 330
laptop 85 211 215 281
laptop 0 173 263 473
mouse 460 354 542 383
keyboard 458 362 587 472
person 563 47 613 123
person 2 95 104 192
person 523 410 640 475
person 367 59 402 87
person 276 60 366 198
cup 32 256 76 319
laptop 444 105 480 158
keyboard 318 362 428 461
keyboard 403 283 471 320
keyboard 1 279 31 307
cup 250 417 314 480
cup 251 380 328 476
cup 356 281 405 363
keyboard 189 253 209 268
person 457 68 536 222
