bottle 427 227 450 276
clock 178 97 199 123
dining_table 179 253 640 417
person 136 155 231 293
person 259 177 323 253
person 0 52 237 427
cup 347 270 385 310
cup 522 237 582 291
spoon 363 298 415 310
spoon 534 368 591 427
bowl 424 276 472 305
bowl 338 256 404 272
bowl 287 273 323 293
bowl 242 258 267 272
bowl 384 272 419 300
person 371 168 457 266
cup 541 214 567 236
cup 466 262 491 300
cup 184 280 207 306
bowl 416 256 430 273
chair 130 235 143 268
person 243 348 363 421
cup 423 275 471 305
cup 325 251 346 265
cup 478 258 522 278
cup 251 250 276 270
spoon 551 301 580 311
person 513 109 640 286
cup 301 234 327 264
