sports_ball 0 136 20 161
chair 264 267 279 355
chair 152 88 204 137
tennis_racket 6 197 85 259
person 83 185 294 511
person 220 204 272 305
person 138 104 201 220
person 100 107 146 205
person 311 99 364 210
person 346 91 426 215
person 244 49 302 174
person 50 48 103 127
person 45 93 101 190
person 102 48 144 121
person 196 1 251 88
chair 300 87 352 136
chair 353 87 402 128
chair 401 88 426 138
person 0 97 36 189
chair 203 89 250 141
person 292 0 343 89
chair 372 178 406 208
chair 303 142 333 200
chair 158 34 197 75
person 0 0 426 179
