wine_glass 443 330 474 390
wine_glass 589 197 608 236
wine_glass 543 184 554 199
wine_glass 449 263 475 331
wine_glass 162 199 171 211
cup 290 278 306 312
dining_table 138 260 634 474
person 491 141 593 331
person 375 126 497 304
person 313 144 395 279
person 265 138 341 260
person 115 140 199 266
bottle 413 228 451 369
bottle 310 247 337 344
bottle 357 225 380 269
bottle 172 200 190 275
bottle 211 211 227 276
bottle 197 216 220 290
bottle 271 205 287 264
bottle 335 252 352 351
wine_glass 44 225 78 306
wine_glass 1 157 26 196
wine_glass 39 187 51 207
wine_glass 233 260 244 291
wine_glass 286 174 294 186
cup 232 257 259 291
person 202 146 277 244
person 52 143 144 338
person 0 346 340 475
person 0 259 300 470
wine_glass 345 165 361 179
chair 576 292 640 387
bottle 341 269 395 368
wine_glass 0 279 12 346
knife 257 321 302 331
person 506 180 640 350
wine_glass 400 138 416 172
wine_glass 230 210 263 262
