baseball_bat 323 130 355 238
baseball_glove 409 322 445 358
person 261 162 369 414
person 510 168 583 427
person 376 210 474 422
person 422 56 464 117
person 308 72 348 120
person 238 48 313 114
person 173 46 221 112
person 131 70 174 113
person 335 75 380 120
person 598 39 640 91
person 577 183 629 268
chair 595 107 629 128
chair 594 89 630 107
chair 560 86 596 104
chair 504 102 561 126
chair 528 86 561 105
chair 444 101 493 124
person 58 73 105 111
chair 483 102 520 125
chair 612 108 640 129
chair 626 90 640 109
person 530 26 593 87
person 1 1 639 268
