chair 60 240 169 394
chair 557 237 640 326
couch 427 176 610 244
dining_table 46 189 249 278
bench 175 211 288 337
book 39 125 56 160
book 50 89 55 109
book 44 61 47 80
book 79 94 85 111
book 108 74 120 91
book 81 94 87 112
book 115 97 122 114
book 43 158 46 176
book 94 158 101 180
book 56 124 68 154
apple 199 192 208 200
apple 191 194 199 201
apple 183 192 192 201
chair 95 202 119 222
chair 43 218 79 338
chair 209 174 261 239
potted_plant 136 115 200 198
book 35 159 37 170
vase 268 157 278 172
book 48 183 53 204
book 47 168 76 177
vase 401 160 413 173
chair 133 190 150 204
book 26 55 139 284
